"entity_id","PD_score","consistently_altered","majority_direction","n_studies_detected","is_known_drug","has_formula","has_SMILES","has_HMDB","has_KEGG","has_PubChem","annotation_score"
"IK_JQXBETDGCMQLMK-UHFFFAOYSA-N",100,TRUE,"up",2,FALSE,TRUE,FALSE,TRUE,FALSE,TRUE,3
"IK_RVEKLXYYCHAMDF-UTOQUPLUSA-N",96.6230004420487,FALSE,"down",1,FALSE,TRUE,TRUE,FALSE,FALSE,TRUE,3
"IK_CGQCWMIAEPEHNQ-UHFFFAOYSA-N",96.3638167447431,TRUE,"up",2,FALSE,TRUE,TRUE,TRUE,TRUE,TRUE,5
"IK_MBMBGCFOFBJSGT-KUBAVDMBSA-N",96.3285996020924,TRUE,"down",3,FALSE,TRUE,FALSE,FALSE,TRUE,TRUE,3
"IK_ZFXYFBGIUFBOJW-UHFFFAOYSA-N",94.2225115212875,TRUE,"down",3,FALSE,TRUE,TRUE,TRUE,TRUE,TRUE,5
"IK_IVEOBKYBCRMTLK-ZPMDXPHCSA-N",92.3077548073992,FALSE,"up",2,FALSE,TRUE,TRUE,FALSE,FALSE,TRUE,3
"IK_RHGKLRLOHDJJDR-BYPYZUCNSA-N",91.1840254355449,FALSE,"up",3,FALSE,TRUE,TRUE,TRUE,TRUE,TRUE,5
"IK_BITHHVVYSMSWAG-KTKRTIGZSA-N",88.1273605988325,FALSE,"up",2,FALSE,TRUE,TRUE,FALSE,FALSE,TRUE,3
"IK_JPAUCQAJHLSMQW-XPORZQOISA-N",86.0298124277939,TRUE,"up",2,FALSE,TRUE,FALSE,FALSE,FALSE,TRUE,2
"IK_PFDUUKDQEHURQC-ZETCQYMHSA-N",84.0704031138307,TRUE,"up",3,FALSE,TRUE,FALSE,TRUE,TRUE,TRUE,4
"IK_DUUGKQCEGZLZNO-UHFFFAOYSA-N",82.8128320704187,FALSE,"up",3,FALSE,TRUE,TRUE,TRUE,TRUE,TRUE,5
"IK_QIVBCDIJIAJPQS-VIFPVBQESA-N",81.6714213289809,FALSE,"down",5,FALSE,TRUE,TRUE,TRUE,TRUE,TRUE,5
"IK_IPCSVZSSVZVIGE-UHFFFAOYSA-N",81.3743905684111,TRUE,"up",4,FALSE,TRUE,TRUE,FALSE,TRUE,TRUE,4
"IK_FDGQSTZJBFJUBT-UHFFFAOYSA-N",81.1003253524002,TRUE,"up",5,FALSE,TRUE,TRUE,TRUE,TRUE,TRUE,5
"IK_SVYIZYRTOYHQRE-UHFFFAOYSA-N",80.1461864511482,TRUE,"up",2,FALSE,TRUE,FALSE,TRUE,FALSE,TRUE,3
"IK_WKOLLVMJNQIZCI-UHFFFAOYSA-N",80.0790496233929,FALSE,"up",2,FALSE,TRUE,TRUE,TRUE,TRUE,TRUE,5
"IK_JFLIEFSWGNOPJJ-JTQLQIEISA-N",79.7342960859931,TRUE,"up",2,FALSE,TRUE,FALSE,FALSE,TRUE,TRUE,3
"IK_YGPSJZOEDVAXAB-QMMMGPOBSA-N",76.0503584320438,FALSE,"down",1,FALSE,TRUE,FALSE,TRUE,TRUE,TRUE,4
"IK_NZKRYJGNYPYXJZ-UHFFFAOYSA-N",75.1724068295219,TRUE,"up",2,FALSE,TRUE,FALSE,TRUE,TRUE,TRUE,4
"IK_GHOKWGTUZJEAQD-ZETCQYMHSA-N",74.4526051010039,FALSE,"down",5,FALSE,TRUE,TRUE,TRUE,TRUE,TRUE,5
"IK_WHUUTDBJXJRKMK-VKHMYHEASA-N",74.2042169935985,FALSE,"up",5,FALSE,TRUE,TRUE,TRUE,TRUE,TRUE,5
"IK_JFLIEFSWGNOPJJ-UHFFFAOYNA-N",74.0854814432558,TRUE,"up",2,FALSE,TRUE,TRUE,TRUE,TRUE,TRUE,5
"IK_RCNSAJSGRJSBKK-NSQVQWHSSA-N",73.8574016513163,TRUE,"down",3,FALSE,TRUE,FALSE,FALSE,TRUE,TRUE,3
"IK_HYVABZIGRDEKCD-UHFFFAOYSA-N",73.8028963652828,TRUE,"down",2,FALSE,TRUE,FALSE,TRUE,TRUE,TRUE,4
"IK_YDNKGFDKKRUKPY-TURZORIXSA-N",73.5295205251351,TRUE,"down",2,FALSE,TRUE,FALSE,TRUE,FALSE,TRUE,3
"IK_ONIBWKKTOPOVIA-UHFFFAOYNA-N",73.2459179053085,TRUE,"up",3,FALSE,TRUE,TRUE,FALSE,TRUE,TRUE,4
"IK_AHLPHDHHMVZTML-UHFFFAOYSA-N",73.1389379081654,TRUE,"up",4,FALSE,TRUE,TRUE,TRUE,TRUE,TRUE,5
"IK_DRTQHJPVMGBUCF-XVFCMESISA-N",72.7863989448138,FALSE,"down",5,FALSE,TRUE,TRUE,TRUE,TRUE,TRUE,5
"IK_POQOTWQIYYNXAT-UHFFFAOYSA-N",72.6846470538717,TRUE,"down",2,FALSE,TRUE,TRUE,TRUE,TRUE,TRUE,5
"IK_GPWHCUUIQMGELX-VHQDNGOZSA-N",72.2472471547624,TRUE,"down",2,FALSE,TRUE,FALSE,FALSE,FALSE,TRUE,2
"IK_MWOOGOJBHIARFG-UHFFFAOYSA-N",72.1888839729275,FALSE,"up",3,FALSE,TRUE,TRUE,TRUE,TRUE,TRUE,5
"IK_QZAYGJVTTNCVMB-UHFFFAOYSA-N",71.6264411288904,TRUE,"down",3,FALSE,TRUE,TRUE,TRUE,TRUE,TRUE,5
"IK_ZDXPYRJPNDTMRX-VKHMYHEASA-N",71.5105794939427,FALSE,"up",4,FALSE,TRUE,TRUE,TRUE,TRUE,TRUE,5
"IK_RGHHSNMVTDWUBI-UHFFFAOYSA-N",71.320284914662,TRUE,"up",2,FALSE,TRUE,FALSE,TRUE,TRUE,TRUE,4
"IK_ZQPPMHVWECSIRJ-KTKRTIGZSA-N",71.1673800674272,FALSE,"up",3,FALSE,TRUE,TRUE,FALSE,TRUE,TRUE,4
"IK_VEYYWZRYIYDQJM-ZETCQYMHSA-N",70.7955311204118,TRUE,"up",2,FALSE,TRUE,FALSE,TRUE,TRUE,TRUE,4
"IK_IGTYILLPRJOVFY-UHFFFAOYSA-N",70.4339108044874,TRUE,"up",2,FALSE,TRUE,FALSE,TRUE,FALSE,TRUE,3
"IK_WWNNZCOKKKDOPX-UHFFFAOYSA-N",69.4934524691748,FALSE,"down",3,FALSE,TRUE,TRUE,FALSE,TRUE,TRUE,4
"IK_ZBCATMYQYDCTIZ-UHFFFAOYSA-N",69.4452162659357,TRUE,"up",2,FALSE,TRUE,FALSE,FALSE,TRUE,TRUE,3
"IK_CTYRPMDGLDAWRQ-UHFFFAOYSA-N",69.2209239278053,TRUE,"down",2,FALSE,TRUE,FALSE,TRUE,TRUE,TRUE,4
"IK_BTCSSZJGUNDROE-UHFFFAOYSA-N",68.9884212289396,FALSE,"down",4,FALSE,TRUE,TRUE,TRUE,TRUE,TRUE,5
"IK_UGQMRVRMYYASKQ-KQYNXXCUSA-N",68.9650873271907,FALSE,"down",3,FALSE,TRUE,FALSE,TRUE,TRUE,TRUE,4
"IK_NSYSSMYQPLSPOD-UHFFFAOYSA-N",68.6638640004558,TRUE,"down",2,FALSE,TRUE,FALSE,FALSE,TRUE,TRUE,3
"IK_OMFXVFTZEKFJBZ-HJTSIMOOSA-N",68.5942902851732,FALSE,"up",1,FALSE,TRUE,FALSE,FALSE,TRUE,TRUE,3
"IK_COLNVLDHVKWLRT-QMMMGPOBSA-N",68.3099617100014,TRUE,"down",3,FALSE,TRUE,FALSE,TRUE,TRUE,TRUE,4
"IK_DHMQDGOQFOQNFH-UHFFFAOYSA-N",68.21205690776,TRUE,"up",2,FALSE,TRUE,TRUE,TRUE,TRUE,TRUE,5
"IK_PDNJLMZEGXHSCU-UHFFFAOYSA-N",68.1067195762281,TRUE,"down",2,FALSE,TRUE,FALSE,TRUE,FALSE,TRUE,3
"IK_HVYWMOMLDIMFJA-DPAQBDIFSA-N",68.0539743307016,TRUE,"up",2,FALSE,TRUE,TRUE,TRUE,TRUE,TRUE,5
"IK_SECPZKHBENQXJG-FPLPWBNLSA-N",67.8265306857214,FALSE,"down",4,FALSE,TRUE,FALSE,FALSE,TRUE,TRUE,3
"IK_AEMOLEFTQBMNLQ-QIUUJYRFSA-N",67.4682892456771,TRUE,"down",2,FALSE,TRUE,FALSE,FALSE,TRUE,TRUE,3
"IK_WWZKQHOCKIZLMA-UHFFFAOYSA-N",67.3298987026588,TRUE,"up",2,FALSE,TRUE,FALSE,FALSE,TRUE,TRUE,3
"IK_GXPIUNZCALHVBA-UHFFFAOYSA-N",67.3029677527713,TRUE,"up",2,TRUE,TRUE,FALSE,TRUE,FALSE,TRUE,3
"IK_QIAFMBKCNZACKA-UHFFFAOYSA-N",67.0399944272998,TRUE,"up",2,FALSE,TRUE,FALSE,TRUE,TRUE,TRUE,4
"IK_HNDVDQJCIGZPNO-YFKPBYRVSA-N",66.8240163457054,TRUE,"down",4,FALSE,TRUE,TRUE,TRUE,TRUE,TRUE,5
"IK_AQTYXAPIHMXAAV-UHFFFAOYSA-N",66.7778278974653,TRUE,"up",2,FALSE,TRUE,FALSE,FALSE,FALSE,TRUE,2
"IK_GOLXRNDWAUTYKT-UHFFFAOYSA-N",66.7356442843531,TRUE,"up",2,FALSE,TRUE,TRUE,FALSE,TRUE,TRUE,4
"IK_FHUAYOMRHXZKHT-JUGJLYODSA-N",66.3678688600394,TRUE,"down",2,FALSE,TRUE,FALSE,FALSE,FALSE,TRUE,2
"IK_OSJPPGNTCRNQQC-UHFFFAOYSA-N",66.1949487444956,TRUE,"down",2,FALSE,TRUE,FALSE,FALSE,TRUE,TRUE,3
"IK_YSMODUONRAFBET-UHNVWZDZSA-N",66.1518557622944,TRUE,"up",2,FALSE,TRUE,FALSE,TRUE,TRUE,TRUE,4
"IK_YWDDIWXKFJEMKF-JTZVLWBESA-N",65.5726362492756,TRUE,"down",3,FALSE,TRUE,FALSE,FALSE,FALSE,TRUE,2
"IK_JNDFGLPQDFBGLR-KMCBPMHZSA-N",65.5722780919084,TRUE,"down",2,FALSE,TRUE,TRUE,FALSE,FALSE,TRUE,3
"IK_BXJHWYVXLGLDMZ-UHFFFAOYSA-N",65.5621244954781,TRUE,"up",2,FALSE,TRUE,FALSE,TRUE,TRUE,TRUE,4
"IK_BFWYTORDSFIVKP-USWFWKISSA-N",65.5384933213725,TRUE,"up",2,FALSE,TRUE,FALSE,FALSE,TRUE,TRUE,3
"IK_RGHMISIYKIHAJW-UHFFFAOYSA-N",65.3079421382694,TRUE,"down",2,FALSE,TRUE,FALSE,TRUE,FALSE,TRUE,3
"IK_ZHRLECIZINSPKL-AKGZTFGVSA-N",65.2986080785213,TRUE,"down",2,FALSE,TRUE,TRUE,TRUE,FALSE,TRUE,4
"IK_HAVMVUFJSIMVDG-UHFFFAOYSA-N",65.0328019983747,TRUE,"up",2,FALSE,TRUE,FALSE,FALSE,FALSE,TRUE,2
"IK_YGPSJZOEDVAXAB-UHFFFAOYSA-N",65.0145715415452,TRUE,"down",4,FALSE,TRUE,TRUE,TRUE,TRUE,TRUE,5
"IK_RJZVWDTYEWCUAR-JOCHJYFZSA-N",64.9018493577773,TRUE,"up",3,FALSE,TRUE,FALSE,TRUE,FALSE,TRUE,3
"IK_VYFYYTLLBUKUHU-UHFFFAOYSA-N",64.6846116934529,TRUE,"up",2,FALSE,TRUE,FALSE,FALSE,TRUE,TRUE,3
"IK_DDRJAANPRJIHGJ-UHFFFAOYSA-N",64.6764481303125,FALSE,"up",3,FALSE,TRUE,TRUE,TRUE,TRUE,TRUE,5
"IK_UWHZIFQPPBDJPM-BQYQJAHWSA-N",64.5685399862106,TRUE,"down",2,FALSE,TRUE,FALSE,FALSE,TRUE,TRUE,3
"IK_AYFVYJQAPQTCCC-GBXIJSLDSA-N",64.552925833774,TRUE,"up",3,FALSE,TRUE,TRUE,TRUE,TRUE,TRUE,5
"IK_PVNIIMVLHYAWGP-UHFFFAOYSA-N",64.5021272371473,FALSE,"down",3,FALSE,TRUE,FALSE,TRUE,TRUE,TRUE,4
"IK_XOAAWQZATWQOTB-UHFFFAOYSA-N",64.4772064085039,TRUE,"down",3,FALSE,TRUE,TRUE,TRUE,TRUE,TRUE,5
"IK_DTOSIQBPPRVQHS-PDBXOOCHSA-N",64.0427642815608,FALSE,"down",4,FALSE,TRUE,FALSE,FALSE,TRUE,TRUE,3
"IK_YBUXFQUGNPBZPS-YNBHEIDWSA-N",64.0178422276362,TRUE,"up",2,FALSE,TRUE,TRUE,FALSE,FALSE,TRUE,3
"IK_UHDGCWIWMRVCDJ-XVFCMESISA-N",63.79428942192,TRUE,"down",2,FALSE,TRUE,FALSE,FALSE,TRUE,TRUE,3
"IK_UNXHWFMMPAWVPI-QWWZWVQMSA-N",63.6707666185046,TRUE,"up",2,FALSE,TRUE,FALSE,FALSE,TRUE,TRUE,3
"IK_HTZINLFNXLXRBC-CQLBIITFSA-N",63.3564963609672,TRUE,"up",2,FALSE,TRUE,FALSE,TRUE,FALSE,TRUE,3
"IK_ONJSZLXSECQROL-UHFFFAOYSA-N",63.2365807054298,TRUE,"up",2,FALSE,TRUE,FALSE,FALSE,TRUE,TRUE,3
"IK_KWIUHFFTVRNATP-UHFFFAOYSA-N",63.09622568863,TRUE,"down",2,FALSE,TRUE,TRUE,TRUE,TRUE,TRUE,5
"IK_VKOBVWXKNCXXDE-UHFFFAOYSA-N",63.0790680097523,FALSE,"up",4,FALSE,TRUE,FALSE,FALSE,TRUE,TRUE,3
"IK_QIQXTHQIDYTFRH-UHFFFAOYSA-N",63.0717532440888,TRUE,"up",2,FALSE,TRUE,FALSE,FALSE,TRUE,TRUE,3
"IK_COLNVLDHVKWLRT-UHFFFAOYNA-N",62.9680850965415,FALSE,"up",3,FALSE,TRUE,TRUE,TRUE,TRUE,TRUE,5
"IK_YZXBAPSDXZZRGB-DOFZRALJSA-N",62.9416977413704,FALSE,"up",4,FALSE,TRUE,FALSE,FALSE,TRUE,TRUE,3
"IK_WGNAKZGUSRVWRH-UHFFFAOYSA-N",62.9122548133833,TRUE,"up",2,FALSE,TRUE,FALSE,FALSE,FALSE,TRUE,2
"IK_BOWVQLFMWHZBEF-KTKRTIGZSA-N",62.816908824876,TRUE,"down",2,FALSE,TRUE,FALSE,TRUE,TRUE,TRUE,4
"IK_VZCYOOQTPOCHFL-OWOJBTEDSA-N",62.737393014215,TRUE,"up",2,FALSE,TRUE,FALSE,FALSE,TRUE,TRUE,3
"IK_YXIWHUQXZSMYRE-UHFFFAOYSA-N",62.5617963507513,TRUE,"up",2,FALSE,TRUE,FALSE,FALSE,TRUE,TRUE,3
"IK_JYGXADMDTFJGBT-VWUMJDOOSA-N",62.4681835280285,TRUE,"up",3,TRUE,TRUE,TRUE,FALSE,TRUE,TRUE,4
"IK_HXEACLLIILLPRG-UHFFFAOYSA-N",62.1210348354285,TRUE,"up",3,FALSE,TRUE,TRUE,FALSE,TRUE,TRUE,4
"IK_JAZBEHYOTPTENJ-JLNKQSITSA-N",62.1071827521287,FALSE,"up",2,FALSE,TRUE,TRUE,FALSE,FALSE,TRUE,3
"IK_SPJFYYJXNPEZDW-FTJOPAKQSA-N",61.9469013213406,TRUE,"up",3,FALSE,TRUE,FALSE,TRUE,FALSE,TRUE,3
"IK_QNAYBMKLOCPYGJ-REOHCLBHSA-N",61.9227483044688,TRUE,"down",3,FALSE,TRUE,FALSE,TRUE,TRUE,TRUE,4
"IK_HXEACLLIILLPRG-YFKPBYRVSA-N",61.8661147902691,TRUE,"down",2,FALSE,TRUE,TRUE,TRUE,FALSE,TRUE,4
"IK_FUOOLUPWFVMBKG-UHFFFAOYSA-N",61.8219021885606,TRUE,"up",2,FALSE,TRUE,FALSE,TRUE,TRUE,TRUE,4
"IK_AGPKZVBTJJNPAG-UHFFFAOYNA-N",61.6316935340438,TRUE,"down",2,FALSE,TRUE,TRUE,TRUE,TRUE,TRUE,5
"IK_KXGVEGMKQFWNSR-LLQZFEROSA-N",61.5862616706389,TRUE,"up",2,FALSE,TRUE,FALSE,FALSE,TRUE,TRUE,3
"IK_OUYCCCASQSFEME-UHFFFAOYNA-N",61.5796810765074,FALSE,"up",4,FALSE,TRUE,TRUE,TRUE,TRUE,TRUE,5
"IK_POULHZVOKOAJMA-UHFFFAOYSA-N",61.4676030219998,TRUE,"down",3,FALSE,TRUE,FALSE,FALSE,TRUE,TRUE,3
"IK_CBQJSKKFNMDLON-JTQLQIEISA-N",61.4429965566561,FALSE,"up",2,FALSE,TRUE,FALSE,TRUE,TRUE,TRUE,4
"IK_BMLMGCPTLHPWPY-REOHCLBHSA-N",61.3731892088463,TRUE,"down",2,FALSE,TRUE,FALSE,FALSE,FALSE,TRUE,2
"IK_RPHLQSHHTJORHI-UHFFFAOYSA-N",61.318251889081,FALSE,"up",1,FALSE,TRUE,FALSE,TRUE,TRUE,TRUE,4
"IK_YWWVWXASSLXJHU-WAYWQWQTSA-N",61.3047133923364,FALSE,"down",3,FALSE,TRUE,FALSE,FALSE,TRUE,TRUE,3
"IK_QUOGESRFPZDMMT-YFKPBYRVSA-N",61.1961270511041,TRUE,"down",2,FALSE,TRUE,FALSE,TRUE,TRUE,TRUE,4
"IK_CJCSPKMFHVPWAR-JTQLQIEISA-N",60.9301256377233,FALSE,"up",1,FALSE,TRUE,TRUE,TRUE,FALSE,TRUE,4
"IK_LEOVWDSHDAVANJ-UHFFFAOYSA-N",60.8767815760831,FALSE,"up",1,FALSE,TRUE,TRUE,TRUE,FALSE,TRUE,4
"IK_YUFFSWGQGVEMMI-JLNKQSITSA-N",60.7201396230342,FALSE,"up",2,FALSE,TRUE,TRUE,FALSE,FALSE,TRUE,3
"IK_XUYPXLNMDZIRQH-LURJTMIESA-N",60.4159568580097,FALSE,"up",4,FALSE,TRUE,FALSE,FALSE,TRUE,TRUE,3
"IK_UYUXSRADSPPKRZ-SKNVOMKLSA-N",60.3666437991453,TRUE,"up",2,FALSE,TRUE,FALSE,FALSE,TRUE,TRUE,3
"IK_YYSFWGQAKJTHRE-MEOKJUQFSA-N",60.266630998937,TRUE,"up",2,FALSE,TRUE,TRUE,FALSE,FALSE,TRUE,3
"IK_BHYOQNUELFTYRT-DPAQBDIFSA-N",60.1348756207098,TRUE,"down",3,FALSE,TRUE,FALSE,TRUE,TRUE,TRUE,4
"IK_LYCVKHSJGDMDLM-LURJTMIESA-N",60.0857790054995,FALSE,"up",1,FALSE,TRUE,TRUE,TRUE,FALSE,TRUE,4
"IK_SOECUQMRSRVZQQ-UHFFFAOYSA-N",60.0612209809181,FALSE,"up",2,FALSE,TRUE,FALSE,FALSE,TRUE,TRUE,3
"IK_ROLYKLIDKNENPU-YHTMAJSVSA-O",59.9776673832828,FALSE,"down",1,FALSE,TRUE,TRUE,FALSE,FALSE,TRUE,3
"IK_QLQOTPOBMXWKOW-UHFFFAOYSA-N",59.9625224535183,FALSE,"down",1,FALSE,TRUE,TRUE,FALSE,FALSE,TRUE,3
"IK_YKPUWZUDDOIDPM-SOFGYWHQSA-N",59.9111156056359,FALSE,"up",1,FALSE,TRUE,TRUE,TRUE,TRUE,TRUE,5
"IK_PAFZNILMFXTMIY-UHFFFAOYSA-N",59.8938823692665,FALSE,"down",1,FALSE,TRUE,TRUE,TRUE,TRUE,TRUE,5
"IK_GHCZAUBVMUEKKP-WTFVBUONSA-N",59.4866405262705,FALSE,"down",1,FALSE,TRUE,TRUE,TRUE,FALSE,TRUE,4
"IK_WHBMMWSBFZVSSR-UHFFFAOYSA-N",59.4465643165485,FALSE,"up",3,FALSE,TRUE,FALSE,FALSE,TRUE,TRUE,3
"IK_QWCKQJZIFLGMSD-UHFFFAOYSA-N",59.3420049410192,TRUE,"up",2,FALSE,TRUE,FALSE,TRUE,TRUE,TRUE,4
"IK_BJEPYKJPYRNKOW-UHFFFAOYSA-N",59.3091922425999,TRUE,"up",2,FALSE,TRUE,FALSE,TRUE,TRUE,TRUE,4
"IK_ISWSIDIOOBJBQZ-UHFFFAOYSA-N",59.2618310703598,TRUE,"down",2,FALSE,TRUE,TRUE,TRUE,TRUE,TRUE,5
"IK_XSXIVVZCUAHUJO-HZJYTTRNSA-N",59.1575099468159,FALSE,"up",3,FALSE,TRUE,FALSE,FALSE,FALSE,TRUE,2
"IK_OQWOHRPOYAVIOK-UHFFFAOYSA-N",59.0771606650999,FALSE,"up",2,FALSE,TRUE,TRUE,FALSE,FALSE,TRUE,3
"IK_YAMUFBLWGFFICM-PTGWMXDISA-N",58.8282912750273,TRUE,"up",3,FALSE,TRUE,FALSE,FALSE,FALSE,TRUE,2
"IK_IWYDHOAUDWTVEP-UHFFFAOYSA-N",58.7738871577007,FALSE,"up",1,FALSE,TRUE,TRUE,TRUE,FALSE,TRUE,4
"IK_KDYFGRWQOYBRFD-UHFFFAOYSA-N",58.6186537619764,TRUE,"up",2,FALSE,TRUE,FALSE,FALSE,TRUE,TRUE,3
"IK_BROOMPUVDPTGEG-RHNBIRJRSA-N",58.5558893022845,FALSE,"down",1,FALSE,TRUE,TRUE,FALSE,FALSE,TRUE,3
"IK_GHVNFZFCNZKVNT-UHFFFAOYSA-N",58.5262487461083,TRUE,"down",2,FALSE,TRUE,FALSE,FALSE,TRUE,TRUE,3
"IK_VCKPUUFAIGNJHC-UHFFFAOYSA-N",58.5018536533816,FALSE,"up",1,FALSE,TRUE,FALSE,TRUE,TRUE,TRUE,4
"IK_LSOWKZULVQWMLY-APPDJCNMSA-N",58.4881744285175,TRUE,"up",3,FALSE,TRUE,FALSE,FALSE,FALSE,TRUE,2
"IK_LVNITLZCNUEXQK-UTJQPWESSA-N",58.4670666233574,FALSE,"up",2,FALSE,TRUE,TRUE,FALSE,FALSE,TRUE,3
"IK_RZBILUATLYXZLI-SLDNWHAHSA-N",58.4518534050904,TRUE,"down",2,FALSE,TRUE,FALSE,FALSE,FALSE,TRUE,2
"IK_CZWCKYRVOZZJNM-USOAJAOKSA-N",58.4508333023278,FALSE,"down",3,FALSE,TRUE,FALSE,FALSE,TRUE,TRUE,3
"IK_HEBKCHPVOIAQTA-QWWZWVQMSA-N",58.4376885397978,TRUE,"up",2,FALSE,TRUE,FALSE,FALSE,TRUE,TRUE,3
"IK_UGAGPNKCDRTDHP-UHFFFAOYSA-N",58.3166203522688,FALSE,"up",2,FALSE,TRUE,FALSE,TRUE,TRUE,TRUE,4
"IK_BCDGQXUMWHRQCB-UHFFFAOYSA-N",58.2628356438863,FALSE,"up",1,FALSE,TRUE,TRUE,TRUE,TRUE,TRUE,5
"IK_UIHIWMNOFVOPOG-SQUIBIKHSA-N",58.2497872614904,FALSE,"up",1,FALSE,TRUE,TRUE,FALSE,FALSE,TRUE,3
"IK_SRRQPVVYXBTRQK-XMMPIXPASA-N",58.1393708321196,TRUE,"up",2,FALSE,TRUE,FALSE,TRUE,FALSE,TRUE,3
"IK_DQXQIWIQYYEGLG-MMWLGPPDSA-N",57.9843665784715,FALSE,"up",1,FALSE,TRUE,TRUE,FALSE,FALSE,TRUE,3
"IK_HXKKHQJGJAFBHI-UHFFFAOYSA-N",57.9443216248067,FALSE,"up",1,FALSE,TRUE,TRUE,TRUE,FALSE,TRUE,4
"IK_SRRQPVVYXBTRQK-UHFFFAOYSA-N",57.9342795491323,TRUE,"up",2,FALSE,TRUE,FALSE,FALSE,FALSE,TRUE,2
"IK_IWDCLRJOBJJRNH-UHFFFAOYSA-N",57.7673000589645,FALSE,"up",2,FALSE,TRUE,TRUE,TRUE,TRUE,TRUE,5
"IK_RGHMISIYKIHAJW-SSDOTTSWSA-N",57.6039449149685,FALSE,"up",1,FALSE,TRUE,FALSE,TRUE,FALSE,TRUE,3
"IK_NOKPBJYHPHHWAN-REOHCLBHSA-N",57.5451792493292,TRUE,"up",2,FALSE,TRUE,FALSE,FALSE,TRUE,TRUE,3
"IK_PETYOUXDCHQKTQ-QXPKXGMISA-N",57.4987818433862,FALSE,"up",2,FALSE,TRUE,TRUE,FALSE,FALSE,TRUE,3
"IK_WQZGKKKJIJFFOK-GASJEMHNSA-N",57.4969561065655,TRUE,"up",3,FALSE,TRUE,FALSE,TRUE,TRUE,TRUE,4
"IK_YYQVCMMXPIJVHY-ZOIJLGJPSA-N",57.3539509614984,TRUE,"up",3,FALSE,TRUE,FALSE,FALSE,FALSE,TRUE,2
"IK_GUBGYTABKSRVRQ-QKKXKWKRSA-N",57.335390757154,TRUE,"up",2,FALSE,TRUE,TRUE,TRUE,TRUE,TRUE,5
"IK_UKMSUNONTOPOIO-UHFFFAOYSA-N",57.3028507809441,FALSE,"down",3,FALSE,TRUE,FALSE,FALSE,TRUE,TRUE,3
"IK_MAZWDMBCPDUFDJ-VQHVLOKHSA-N",57.2692293731177,TRUE,"up",2,FALSE,TRUE,FALSE,FALSE,TRUE,TRUE,3
"IK_GMSNIKWWOQHZGF-UHFFFAOYSA-N",57.098686918321,FALSE,"up",2,FALSE,TRUE,TRUE,TRUE,TRUE,TRUE,5
"IK_DUYSYHSSBDVJSM-KRWOKUGFSA-N",57.0946103961465,TRUE,"up",2,FALSE,TRUE,FALSE,TRUE,TRUE,TRUE,4
"IK_BAGQGBPETWVHAA-BHYOAKPMSA-N",57.0230457327166,FALSE,"down",1,FALSE,TRUE,FALSE,FALSE,FALSE,TRUE,2
"IK_ABXDBVMGRKZFRC-IOSLPCCCSA-N",57.0218754914361,TRUE,"down",2,FALSE,TRUE,FALSE,FALSE,FALSE,TRUE,2
"IK_PHIQHXFUZVPYII-UHFFFAOYNA-N",56.9457196517741,FALSE,"down",1,FALSE,TRUE,TRUE,TRUE,TRUE,TRUE,5
"IK_JLSKPBDKNIXMBS-VIFPVBQESA-N",56.9213567563813,TRUE,"down",2,FALSE,TRUE,FALSE,FALSE,TRUE,TRUE,3
"IK_XNZFLHDUNBGYBT-ACNMEUTMSA-N",56.91230893496,FALSE,"up",1,FALSE,TRUE,TRUE,FALSE,FALSE,TRUE,3
"NO_INCHIKEY__ffa 18 0",56.900178661257,TRUE,"down",2,FALSE,FALSE,FALSE,FALSE,FALSE,FALSE,0
"IK_PQPZSPJVMUCVAQ-JTQLQIEISA-N",56.7485162430947,FALSE,"up",1,FALSE,TRUE,TRUE,FALSE,FALSE,TRUE,3
"IK_DILDHNKDVHLEQB-XSSYPUMDSA-N",56.7330546744335,FALSE,"down",1,FALSE,TRUE,FALSE,FALSE,TRUE,TRUE,3
"IK_VVOAZFWZEDHOOU-UHFFFAOYSA-N",56.6863222649754,FALSE,"down",1,FALSE,TRUE,FALSE,FALSE,TRUE,TRUE,3
"IK_KJUNGQXFZYMUOH-FKWLWHCOSA-N",56.6758805471282,TRUE,"up",2,FALSE,TRUE,TRUE,FALSE,FALSE,TRUE,3
"IK_QHZLMUACJMDIAE-UHFFFAOYSA-N",56.6464427183426,TRUE,"up",2,FALSE,TRUE,FALSE,FALSE,FALSE,TRUE,2
"IK_JYFOSWJYZIVJPO-YGEZULPYSA-N",56.600482415817,FALSE,"up",1,FALSE,TRUE,FALSE,TRUE,FALSE,TRUE,3
"IK_QCHPKSFMDHPSNR-UHFFFAOYSA-N",56.5826584418025,TRUE,"up",2,FALSE,TRUE,FALSE,TRUE,FALSE,TRUE,3
"IK_SNICXCGAKADSCV-JTQLQIEISA-N",56.5568426052759,FALSE,"down",1,FALSE,TRUE,FALSE,FALSE,TRUE,TRUE,3
"IK_CUZUEIFJLWAMHR-VKMQJZFUSA-N",56.5156600056561,FALSE,"up",1,FALSE,TRUE,TRUE,FALSE,FALSE,TRUE,3
"IK_AWDRATDZQPNJFN-VAYUFCLWSA-N",56.2594434866805,FALSE,"up",2,FALSE,TRUE,FALSE,TRUE,TRUE,TRUE,4
"IK_SGNZYJXNUURYCH-UHFFFAOYSA-N",56.2261183994527,FALSE,"up",2,FALSE,TRUE,FALSE,TRUE,FALSE,TRUE,3
"IK_HOUYEUYYRCGVGJ-WDTHWMLCSA-N",56.0706417667076,FALSE,"down",1,FALSE,TRUE,FALSE,FALSE,FALSE,TRUE,2
"IK_DKQLZKCYTLXNBN-UHFFFAOYSA-N",55.9955813348902,TRUE,"up",2,FALSE,TRUE,FALSE,FALSE,FALSE,TRUE,2
"IK_KNHXCLGABLNNRN-FFSDQCCLSA-N",55.8832708392683,FALSE,"down",1,FALSE,TRUE,TRUE,FALSE,FALSE,TRUE,3
"IK_BRMWTNUJHUMWMS-LURJTMIESA-N",55.6308419919164,FALSE,"up",2,FALSE,TRUE,FALSE,TRUE,TRUE,TRUE,4
"IK_KTJAFMBXBPVGGI-LTEAFHAISA-N",55.5588461044344,FALSE,"up",1,FALSE,TRUE,TRUE,FALSE,FALSE,TRUE,3
"IK_NMHMNPHRMNGLLB-UHFFFAOYSA-N",55.4845693065783,FALSE,"up",2,FALSE,TRUE,FALSE,TRUE,TRUE,TRUE,4
"IK_OQZCSNDVOWYALR-UHFFFAOYSA-N",55.3791207049802,FALSE,"up",1,FALSE,TRUE,FALSE,TRUE,TRUE,TRUE,4
"IK_IULJSGIJJZZUMF-UHFFFAOYSA-N",55.3472899654095,FALSE,"up",1,FALSE,TRUE,FALSE,TRUE,TRUE,TRUE,4
"IK_BYUOBSUZYQAFJM-UHFFFAOYSA-N",55.296828007094,FALSE,"up",2,FALSE,TRUE,TRUE,TRUE,FALSE,TRUE,4
"IK_OYHQOLUKZRVURQ-HZJYTTRNSA-N",55.2184004127252,FALSE,"up",3,FALSE,TRUE,FALSE,FALSE,TRUE,TRUE,3
"IK_DKZBBWMURDFHNE-NSCUHMNNSA-N",55.2143894686104,TRUE,"down",2,FALSE,TRUE,FALSE,FALSE,TRUE,TRUE,3
"IK_YWZGQPJRQXHVQX-BYCLXTJYSA-N",55.1013391801895,FALSE,"down",1,FALSE,TRUE,TRUE,FALSE,FALSE,TRUE,3
"IK_XFTRTWQBIOMVPK-UHFFFAOYSA-N",55.0016387055693,TRUE,"up",2,FALSE,TRUE,FALSE,FALSE,TRUE,TRUE,3
"IK_FUJLYHJROOYKRA-UHFFFAOYSA-N",54.9440200809488,FALSE,"up",2,FALSE,TRUE,TRUE,FALSE,FALSE,TRUE,3
"IK_DEEUSUJLZQQESV-BQUSTMGCSA-N",54.7955571461853,FALSE,"up",1,FALSE,TRUE,FALSE,TRUE,TRUE,TRUE,4
"IK_LCTONWCANYUPML-UHFFFAOYSA-N",54.782060552938,TRUE,"up",2,FALSE,TRUE,FALSE,FALSE,TRUE,TRUE,3
"IK_STKYPAFSDFAEPH-LURJTMIESA-N",54.7756364564602,FALSE,"up",2,FALSE,TRUE,FALSE,TRUE,FALSE,TRUE,3
"IK_FCCZDEAAQZWMGI-NWBJSICCSA-N",54.7125379009088,FALSE,"down",1,FALSE,TRUE,TRUE,FALSE,FALSE,TRUE,3
"IK_RIDOSNBWMUADGT-AFSLFLIVSA-N",54.6638058537945,FALSE,"up",1,FALSE,TRUE,TRUE,FALSE,FALSE,TRUE,3
"IK_UNBDIKFARPKNLC-NOZLCFKKSA-N",54.6534684787296,FALSE,"up",1,FALSE,TRUE,FALSE,FALSE,FALSE,TRUE,2
"IK_VHVGNTVUSQUXPS-YUMQZZPRSA-N",54.6329466860242,FALSE,"up",2,FALSE,TRUE,FALSE,TRUE,TRUE,TRUE,4
"IK_ZIYVHBGGAOATLY-UHFFFAOYSA-N",54.600227599418,TRUE,"up",2,FALSE,TRUE,FALSE,FALSE,TRUE,TRUE,3
"IK_WKZLNEWVIAGNAW-UHFFFAOYSA-N",54.5977411761846,FALSE,"down",1,FALSE,TRUE,TRUE,TRUE,FALSE,TRUE,4
"IK_DTSWLLBBGHRXQH-UHFFFAOYSA-N",54.5452726277508,FALSE,"down",1,FALSE,TRUE,FALSE,FALSE,FALSE,TRUE,2
"IK_ONIBWKKTOPOVIA-BYPYZUCNSA-N",54.5422179211332,TRUE,"up",2,FALSE,TRUE,FALSE,TRUE,TRUE,TRUE,4
"IK_UXZAXFPFSQRZOZ-UHFFFAOYSA-N",54.5303009830967,FALSE,"up",1,FALSE,TRUE,FALSE,TRUE,TRUE,TRUE,4
"IK_RHZCEPSTZFIWEU-UHFFFAOYSA-N",54.4788366249739,FALSE,"down",1,FALSE,TRUE,TRUE,FALSE,FALSE,TRUE,3
"IK_OUYCCCASQSFEME-QMMMGPOBSA-N",54.4453934261017,FALSE,"up",2,FALSE,TRUE,FALSE,TRUE,TRUE,TRUE,4
"IK_FJKROLUGYXJWQN-UHFFFAOYSA-N",54.4379683850713,FALSE,"up",2,FALSE,TRUE,TRUE,TRUE,TRUE,TRUE,5
"IK_LOIYMIARKYCTBW-OWOJBTEDSA-N",54.4203353982574,FALSE,"up",2,FALSE,TRUE,FALSE,TRUE,TRUE,TRUE,4
"IK_CXWXQJXEFPUFDZ-UHFFFAOYSA-N",54.4094539338993,TRUE,"down",2,FALSE,TRUE,FALSE,FALSE,TRUE,TRUE,3
"IK_HCAJEUSONLESMK-UHFFFAOYSA-N",54.4029780248142,FALSE,"up",1,FALSE,TRUE,TRUE,FALSE,TRUE,TRUE,4
"IK_LRFVTYWOQMYALW-UHFFFAOYSA-N",54.3514095552415,FALSE,"up",2,FALSE,TRUE,TRUE,TRUE,TRUE,TRUE,5
"IK_RGHNJXZEOKUKBD-SQOUGZDYSA-N",54.3326330459186,FALSE,"up",2,FALSE,TRUE,FALSE,FALSE,TRUE,TRUE,3
"IK_CWLQUGTUXBXTLF-YFKPBYRVSA-N",54.2021278074187,TRUE,"down",2,FALSE,TRUE,FALSE,FALSE,TRUE,TRUE,3
"IK_LVQDKIWDGQRHTE-UHFFFAOYSA-N",54.1377218617256,FALSE,"down",1,FALSE,TRUE,FALSE,TRUE,TRUE,TRUE,4
"IK_LHQIJBMDNUYRAM-DZSWIPIPSA-N",54.1364166361767,FALSE,"up",1,FALSE,TRUE,FALSE,TRUE,TRUE,TRUE,4
"IK_CVVRPLLCUNBBAA-VOXCOYEFSA-N",54.1042485705493,FALSE,"up",1,FALSE,TRUE,TRUE,FALSE,FALSE,TRUE,3
"IK_BHQCQFFYRZLCQQ-UMZBRFQRSA-N",54.0210091499667,FALSE,"up",1,FALSE,TRUE,TRUE,FALSE,TRUE,TRUE,4
"IK_DYNISIGUMYFVJW-BKXYZSJASA-N",53.9994838049123,FALSE,"down",1,FALSE,TRUE,FALSE,FALSE,FALSE,TRUE,2
"IK_MXXWOMGUGJBKIW-YPCIICBESA-N",53.9679579173489,FALSE,"down",1,FALSE,TRUE,TRUE,FALSE,TRUE,TRUE,4
"IK_BCTXZWCPBLWCRV-ZYADFMMDSA-N",53.9586757303694,FALSE,"down",1,FALSE,TRUE,FALSE,FALSE,FALSE,TRUE,2
"IK_UIKROCXWUNQSPJ-UHFFFAOYNA-N",53.9573476708254,FALSE,"down",1,FALSE,TRUE,TRUE,FALSE,TRUE,TRUE,4
"IK_BHQCQFFYRZLCQQ-OELDTZBJSA-N",53.8724656986371,FALSE,"down",1,FALSE,TRUE,TRUE,FALSE,TRUE,TRUE,4
"IK_HYBBIBNJHNGZAN-UHFFFAOYSA-N",53.8506332627441,TRUE,"down",2,FALSE,TRUE,FALSE,TRUE,TRUE,TRUE,4
"IK_HLIJNIKSBCIDGO-QKLMXXKVSA-N",53.8283633799584,TRUE,"up",2,FALSE,TRUE,TRUE,FALSE,FALSE,TRUE,3
"IK_GOMVPVRDBLLHQC-VEJNOCSESA-N",53.8012841263838,TRUE,"up",2,FALSE,TRUE,FALSE,FALSE,FALSE,TRUE,2
"IK_LFUDDCMNKWEORN-ZXEGGCGDSA-N",53.6970686847862,TRUE,"up",2,FALSE,TRUE,FALSE,FALSE,FALSE,TRUE,2
"IK_QEDPUVGSSDPBMD-XTAIVQBESA-N",53.6748726251591,FALSE,"down",1,FALSE,TRUE,FALSE,TRUE,FALSE,TRUE,3
"IK_JPIJQSOTBSSVTP-GBXIJSLDSA-N",53.6621363954326,TRUE,"up",2,FALSE,TRUE,FALSE,FALSE,FALSE,TRUE,2
"IK_OBHRVMZSZIDDEK-UHFFFAOYSA-N",53.6496505216427,FALSE,"up",1,FALSE,TRUE,FALSE,TRUE,TRUE,TRUE,4
"IK_QYWVASPEUXEHSY-NNRNTGNWSA-N",53.566806482212,FALSE,"up",1,FALSE,TRUE,FALSE,TRUE,FALSE,TRUE,3
"IK_RTGHRDFWYQHVFW-UHFFFAOYSA-N",53.5647685494543,FALSE,"up",1,FALSE,TRUE,FALSE,TRUE,TRUE,TRUE,4
"IK_YLWSJLLZUHSIEA-CKSUKHGVSA-N",53.4994142305986,TRUE,"down",2,FALSE,TRUE,FALSE,FALSE,FALSE,TRUE,2
"IK_ZXPULTKTJOBQPE-NWGIQDPJSA-N",53.3281387917948,FALSE,"up",1,FALSE,TRUE,FALSE,FALSE,FALSE,TRUE,2
"IK_RGHPCLZJAFCTIK-UHFFFAOYSA-N",53.3180931569907,FALSE,"up",1,FALSE,TRUE,TRUE,FALSE,TRUE,TRUE,4
"IK_BAZVSMNPJJMILC-STQMWFEESA-N",53.3112400779824,FALSE,"up",1,FALSE,TRUE,TRUE,FALSE,FALSE,TRUE,3
"IK_CDAISMWEOUEBRE-UHFFFAOYSA-N",53.2895299144358,FALSE,"up",2,FALSE,TRUE,FALSE,FALSE,FALSE,TRUE,2
"IK_QLWKTGDEPLRFAT-UHFFFAOYSA-N",53.2677416063902,FALSE,"down",1,FALSE,TRUE,FALSE,FALSE,TRUE,TRUE,3
"IK_PQNASZJZHFPQLE-LURJTMIESA-N",53.1121111621765,FALSE,"up",2,FALSE,TRUE,FALSE,TRUE,FALSE,TRUE,3
"IK_FFEARJCKVFRZRR-BYPYZUCNSA-N",53.0930599647823,FALSE,"down",1,FALSE,TRUE,TRUE,TRUE,TRUE,TRUE,5
"IK_ZFRKQXVRDFCRJG-UHFFFAOYSA-N",53.0902161269246,FALSE,"up",2,FALSE,TRUE,FALSE,FALSE,TRUE,TRUE,3
"IK_MCMLHDBHZRLOED-SFYZADRCSA-N",53.0466961923744,FALSE,"down",1,FALSE,TRUE,TRUE,TRUE,FALSE,TRUE,4
"IK_DTERQYGMUDWYAZ-ZETCQYMHSA-N",52.9995775982945,FALSE,"up",3,FALSE,TRUE,FALSE,TRUE,TRUE,TRUE,4
"IK_PTJWIQPHWPFNBW-GBNDHIKLSA-N",52.991815237183,FALSE,"up",1,FALSE,TRUE,FALSE,TRUE,TRUE,TRUE,4
"IK_WHOOUMGHGSPMGR-UHFFFAOYSA-N",52.8963230184711,FALSE,"up",1,FALSE,TRUE,FALSE,TRUE,TRUE,TRUE,4
"IK_GTZCVFVGUGFEME-IWQZZHSRSA-N",52.8769266180322,FALSE,"up",2,FALSE,TRUE,FALSE,FALSE,TRUE,TRUE,3
"IK_IKQCSJBQLWJEPU-UHFFFAOYSA-M",52.849402410659,FALSE,"down",1,FALSE,TRUE,FALSE,FALSE,FALSE,TRUE,2
"IK_RCFDOSNHHZGBOY-ACZMJKKPSA-N",52.8406134823594,FALSE,"down",1,FALSE,TRUE,FALSE,TRUE,FALSE,TRUE,3
"IK_MTCFGRXMJLQNBG-REOHCLBHSA-N",52.7764753361288,TRUE,"down",2,FALSE,TRUE,FALSE,TRUE,TRUE,TRUE,4
"IK_DCXYFEDJOCDNAF-REOHCLBHSA-N",52.733401678371,FALSE,"up",3,FALSE,TRUE,TRUE,TRUE,TRUE,TRUE,5
"IK_AZKVWQKMDGGDSV-BCMRRPTOSA-N",52.7159488275709,FALSE,"down",1,FALSE,TRUE,FALSE,TRUE,TRUE,TRUE,4
"IK_BXZSKDOPGDPDEG-UHFFFAOYSA-N",52.6947283345238,FALSE,"up",1,FALSE,TRUE,FALSE,TRUE,TRUE,TRUE,4
"IK_KSEBMYQBYZTDHS-HWKANZROSA-N",52.6447065202399,FALSE,"up",3,FALSE,TRUE,FALSE,FALSE,TRUE,TRUE,3
"IK_VISAJVAPYPFKCL-UHFFFAOYSA-N",52.5758935734601,FALSE,"up",1,FALSE,TRUE,FALSE,FALSE,TRUE,TRUE,3
"IK_VSTZVCJQGSLNLL-UHFFFAOYSA-N",52.554673080413,FALSE,"up",1,FALSE,TRUE,FALSE,TRUE,FALSE,TRUE,3
"IK_ACVGWSKVRYFWRP-UHFFFAOYSA-N",52.5440628338895,FALSE,"up",1,FALSE,TRUE,FALSE,FALSE,TRUE,TRUE,3
"IK_DCMKMHVTKFJMAU-HWKANZROSA-N",52.5228423408424,FALSE,"up",1,FALSE,TRUE,FALSE,TRUE,FALSE,TRUE,3
"IK_BDIAUFOIMFAIPU-KVJIRVJXSA-N",52.5016218477953,FALSE,"up",1,FALSE,TRUE,FALSE,FALSE,TRUE,TRUE,3
"IK_RZVAJINKPMORJF-UHFFFAOYSA-N",52.4740352068341,FALSE,"down",1,FALSE,TRUE,TRUE,TRUE,TRUE,TRUE,5
"IK_MYFMARDICOWMQP-YUMQZZPRSA-N",52.4688891537458,TRUE,"up",2,FALSE,TRUE,TRUE,FALSE,FALSE,TRUE,3
"IK_ZMCBYSBVJIMENC-UHFFFAOYSA-N",52.437960368654,FALSE,"up",1,FALSE,TRUE,FALSE,FALSE,TRUE,TRUE,3
"IK_NTBDNAWCQLUDHG-CEGBOXLASA-N",52.4233079849251,FALSE,"down",1,FALSE,TRUE,TRUE,FALSE,FALSE,TRUE,3
"IK_ZAGRKAFMISFKIO-QMTHXVAHSA-N",52.3764209388175,FALSE,"down",1,FALSE,TRUE,FALSE,TRUE,TRUE,TRUE,4
"IK_JMFRWRFFLBVWSI-NSCUHMNNSA-N",52.3636886429892,FALSE,"up",1,FALSE,TRUE,FALSE,FALSE,TRUE,TRUE,3
"IK_BMVUIWJCUQSHLZ-YFZGBAIXSA-N",52.3424681499422,FALSE,"up",1,FALSE,TRUE,FALSE,FALSE,TRUE,TRUE,3
"IK_OERBUNDZQSEJCT-CJXYNRQTSA-N",52.3366550405803,FALSE,"up",1,FALSE,TRUE,FALSE,FALSE,FALSE,TRUE,2
"IK_OBXKICUTIJDFHI-WMXQMYKUSA-N",52.3212476568951,FALSE,"up",1,FALSE,TRUE,TRUE,FALSE,FALSE,TRUE,3
"IK_VKEQBMCRQDSRET-UHFFFAOYSA-N",52.300027163848,FALSE,"up",1,FALSE,TRUE,FALSE,FALSE,TRUE,TRUE,3
"IK_YMGFTDKNIWPMGF-UCPJVGPRSA-N",52.2894169173245,FALSE,"up",1,FALSE,TRUE,FALSE,FALSE,TRUE,TRUE,3
"IK_SWJDFMNJUOJVPA-LURJTMIESA-N",52.2363656847067,FALSE,"up",1,FALSE,TRUE,FALSE,FALSE,TRUE,TRUE,3
"IK_ZKLXUUYLEHCAMF-UUWFMWQGSA-N",52.2151451916596,FALSE,"down",1,FALSE,TRUE,FALSE,FALSE,TRUE,TRUE,3
"IK_ZOTBXTZVPHCKPN-HTXNQAPBSA-N",52.1727042055655,FALSE,"down",1,FALSE,TRUE,FALSE,FALSE,TRUE,TRUE,3
"IK_NZKKXAGORRATJB-UHFFFAOYSA-N",52.1620939590419,FALSE,"up",1,FALSE,TRUE,FALSE,TRUE,FALSE,TRUE,3
"IK_JMIAZDVHNCCPDM-DAFCLMLCSA-N",52.1408734659948,FALSE,"down",1,FALSE,TRUE,FALSE,FALSE,TRUE,TRUE,3
"IK_LTCLZQOHPYRNCF-UHFFFAOYSA-N",52.1196529729478,FALSE,"up",1,FALSE,TRUE,FALSE,TRUE,FALSE,TRUE,3
"IK_ZQYUKJFJPJDMMR-ZDWCHQGWSA-N",52.1090427264242,FALSE,"up",1,FALSE,TRUE,FALSE,TRUE,FALSE,TRUE,3
"IK_WVDDGKGOMKODPV-UHFFFAOYSA-N",52.1026646305754,FALSE,"up",1,FALSE,TRUE,TRUE,TRUE,TRUE,TRUE,5
"IK_BRRVXFOKWJKTGG-UHFFFAOYSA-N",52.0899442826818,FALSE,"up",1,FALSE,TRUE,FALSE,TRUE,TRUE,TRUE,4
"IK_ISYWECDDZWTKFF-UHFFFAOYSA-N",52.0650114227916,TRUE,"down",2,FALSE,TRUE,FALSE,TRUE,TRUE,TRUE,4
"IK_MHDVGSVTJDSBDK-UHFFFAOYSA-N",52.023645693725,FALSE,"down",1,FALSE,TRUE,FALSE,FALSE,TRUE,TRUE,3
"IK_AAWZDTNXLSGCEK-LNVDRNJUSA-N",52.0029402611888,FALSE,"up",1,FALSE,TRUE,FALSE,FALSE,TRUE,TRUE,3
"IK_BJMQRSXLHPCXDU-OOKGOBCESA-N",51.9923300146653,FALSE,"up",1,FALSE,TRUE,TRUE,FALSE,FALSE,TRUE,3
"IK_RZCJYMOBWVJQGV-UHFFFAOYSA-N",51.9711095216182,FALSE,"down",1,FALSE,TRUE,FALSE,FALSE,TRUE,TRUE,3
"IK_KDEYEEYMIPNKIJ-OGIIFMLESA-N",51.9562178718764,FALSE,"up",1,FALSE,TRUE,FALSE,FALSE,FALSE,TRUE,2
"IK_DFNZYFAJQPLJFI-UHFFFAOYSA-N",51.9392787820475,FALSE,"up",1,FALSE,TRUE,FALSE,FALSE,TRUE,TRUE,3
"IK_RTWVXIIKUFSDJB-SSDOTTSWSA-N",51.928668535524,FALSE,"up",1,FALSE,TRUE,FALSE,FALSE,TRUE,TRUE,3
"IK_ODHCTXKNWHHXJC-VKHMYHEASA-N",51.9156735853887,TRUE,"up",2,FALSE,TRUE,TRUE,FALSE,TRUE,TRUE,4
"IK_OMISYDASOKPVDK-UHFFFAOYSA-N",51.9074480424769,FALSE,"up",1,FALSE,TRUE,FALSE,TRUE,FALSE,TRUE,3
"IK_SRSXLGNVWSONIS-UHFFFAOYSA-N",51.8964625133,FALSE,"up",2,FALSE,TRUE,FALSE,FALSE,TRUE,TRUE,3
"IK_ADHNYKZHPOEULM-BQBZGAKWSA-N",51.886810997459,TRUE,"up",2,FALSE,TRUE,FALSE,FALSE,FALSE,TRUE,2
"IK_DFFOSEJNFZUOSK-UHFFFAOYSA-N",51.8543968098592,FALSE,"up",1,FALSE,TRUE,FALSE,TRUE,FALSE,TRUE,3
"IK_FHXBAFXQVZOILS-OETIFKLTSA-N",51.8437865633356,FALSE,"up",1,FALSE,TRUE,FALSE,FALSE,TRUE,TRUE,3
"IK_UTYVDVLMYQPLQB-UHFFFAOYSA-N",51.8225660702886,FALSE,"up",1,FALSE,TRUE,FALSE,FALSE,TRUE,TRUE,3
"IK_AXQACEQYCPKDMV-RZAWKFBISA-N",51.7589045911473,FALSE,"down",1,FALSE,TRUE,FALSE,TRUE,FALSE,TRUE,3
"IK_PYGVPCBXCGQXNA-SZHIUZGGSA-N",51.754934494884,FALSE,"down",1,FALSE,TRUE,TRUE,FALSE,FALSE,TRUE,3
"IK_IDRRCKUGGXLORG-FJXQXJEOSA-N",51.7422166305957,FALSE,"up",1,FALSE,TRUE,TRUE,FALSE,FALSE,TRUE,3
"IK_SQOJOAFXDQDRGF-ZMVGXLHTSA-N",51.7376840981002,FALSE,"up",1,FALSE,TRUE,FALSE,FALSE,TRUE,TRUE,3
"IK_CFYLSUZUMMPFNC-NHQGMKOOSA-N",51.7055704110786,FALSE,"down",1,FALSE,TRUE,TRUE,FALSE,FALSE,TRUE,3
"IK_VWWQXMAJTJZDQX-UYBVJOGSSA-N",51.6528021259119,FALSE,"up",1,FALSE,TRUE,FALSE,FALSE,TRUE,TRUE,3
"IK_RYCNUMLMNKHWPZ-SNVBAGLBSA-N",51.6103611398177,FALSE,"down",1,FALSE,TRUE,FALSE,FALSE,TRUE,TRUE,3
"IK_PWSKCIUNCJJBIX-RXDOKCLVSA-N",51.5891406467706,FALSE,"up",1,FALSE,TRUE,TRUE,FALSE,FALSE,TRUE,3
"IK_PWHROYKAGRUWDQ-UHFFFAOYSA-N",51.5869454233519,FALSE,"down",1,FALSE,TRUE,FALSE,FALSE,TRUE,TRUE,3
"IK_QQXLDOJGLXJCSE-KNVOCYPGSA-N",51.5573099072,FALSE,"up",1,FALSE,TRUE,FALSE,FALSE,TRUE,TRUE,3
"IK_BCWKUTNUIRMUPD-XMRVQXCHSA-N",51.5453181060837,FALSE,"up",1,FALSE,TRUE,FALSE,FALSE,FALSE,TRUE,2
"IK_PWAKELUEEHWVFQ-UHFFFAOYSA-L",51.5360894141529,FALSE,"up",1,FALSE,TRUE,FALSE,FALSE,TRUE,TRUE,3
"IK_UOXRPRZMAROFPH-IESLQMLBSA-N",51.4936484280587,FALSE,"up",1,FALSE,TRUE,TRUE,FALSE,FALSE,TRUE,3
"IK_FSWXOANXOQPCFF-UHFFFAOYSA-N",51.4830381815352,FALSE,"up",1,FALSE,TRUE,FALSE,FALSE,TRUE,TRUE,3
"NO_INCHIKEY__ffa 18 2",51.4528044560105,FALSE,"up",2,FALSE,FALSE,FALSE,FALSE,FALSE,FALSE,0
"IK_JARYYMUOCXVXNK-CSLFJTBJSA-N",51.4512074419646,FALSE,"down",1,FALSE,TRUE,FALSE,FALSE,TRUE,TRUE,3
"IK_JJMPYAHUHHQAJB-FYOCAXJLSA-N",51.4193674992734,FALSE,"down",1,FALSE,TRUE,TRUE,FALSE,FALSE,TRUE,3
"IK_QVUWNEQTPVMHQT-RLSIPVDZSA-N",51.4087664558704,FALSE,"down",1,FALSE,TRUE,TRUE,FALSE,FALSE,TRUE,3
"IK_GOZCEKPKECLKNO-RKQHYHRCSA-N",51.3769357162998,FALSE,"up",1,FALSE,TRUE,FALSE,FALSE,TRUE,TRUE,3
"IK_SVBMASFUJDIDJC-XFJIFGBKSA-N",51.3132742371585,FALSE,"up",1,FALSE,TRUE,FALSE,FALSE,TRUE,TRUE,3
"IK_AIQDYKMWENWVQJ-QIUUJYRFSA-K",51.2814434975879,FALSE,"up",1,FALSE,TRUE,FALSE,FALSE,TRUE,TRUE,3
"IK_BOJKULTULYSRAS-OTESTREVSA-N",51.272955300369,FALSE,"up",1,FALSE,TRUE,FALSE,TRUE,TRUE,TRUE,4
"IK_DAELTTGCCPRYTP-ZLQZEYEISA-N",51.2708332510643,FALSE,"down",1,FALSE,TRUE,FALSE,FALSE,TRUE,TRUE,3
"IK_HVRNKDVLFAVCJF-VJANTYMQSA-N",51.2496127580172,FALSE,"down",1,FALSE,TRUE,FALSE,TRUE,FALSE,TRUE,3
"IK_MGXAKXRVQRODDX-LRSNRTHXSA-N",51.2283922649702,FALSE,"up",1,FALSE,TRUE,FALSE,FALSE,TRUE,TRUE,3
"IK_VXUOFDJKYGDUJI-OAQYLSRUSA-N",51.2015594804517,TRUE,"up",2,FALSE,TRUE,FALSE,FALSE,FALSE,TRUE,2
"IK_WTNZLKZBPONVPE-RYKNKZFFSA-N",51.1753410323524,FALSE,"down",1,FALSE,TRUE,TRUE,FALSE,FALSE,TRUE,3
"IK_IAHCDPVIVIKDFJ-DIACKHNESA-N",51.1647307858289,FALSE,"up",1,FALSE,TRUE,FALSE,TRUE,FALSE,TRUE,3
"IK_WPYMKLBDIGXBTP-UHFFFAOYSA-N",51.1541205393054,FALSE,"up",1,FALSE,TRUE,FALSE,FALSE,TRUE,TRUE,3
"IK_UZTFMUBKZQVKLK-UHFFFAOYSA-M",51.1435102927818,FALSE,"up",1,FALSE,TRUE,FALSE,FALSE,TRUE,TRUE,3
"IK_GSEJCLTVZPLZKY-UHFFFAOYSA-N",51.1429272163185,FALSE,"up",1,FALSE,TRUE,TRUE,FALSE,TRUE,TRUE,4
"IK_JVGVDSSUAVXRDY-UHFFFAOYSA-M",51.1010693066876,FALSE,"up",1,FALSE,TRUE,FALSE,FALSE,TRUE,TRUE,3
"IK_USYNZBLVOOXNSN-ARRWHRBTSA-N",51.0878477033741,TRUE,"down",2,FALSE,TRUE,FALSE,FALSE,FALSE,TRUE,2
"IK_BDCFJMBXZCIVRH-CGRWFSSPSA-N",51.0829690285098,FALSE,"down",1,FALSE,TRUE,TRUE,FALSE,FALSE,TRUE,3
"IK_VNKBTWQZTQIWDV-UHFFFAOYSA-N",51.0798488136406,FALSE,"down",1,FALSE,TRUE,FALSE,FALSE,TRUE,TRUE,3
"IK_QGNYWQOMJSTUQZ-BQBZGAKWSA-N",51.077844903893,FALSE,"up",1,FALSE,TRUE,TRUE,TRUE,FALSE,TRUE,4
"IK_QGZDXQHLEQAGJB-INIZCTEOSA-N",51.0480180740699,FALSE,"up",1,FALSE,TRUE,FALSE,FALSE,TRUE,TRUE,3
"IK_GLUJNGJDHCTUJY-UHFFFAOYSA-N",51.0267975810228,FALSE,"up",1,FALSE,TRUE,FALSE,FALSE,TRUE,TRUE,3
"IK_RSMGIILCLKIXNG-JASYKLOUSA-N",51.025253189852,FALSE,"up",1,FALSE,TRUE,TRUE,FALSE,FALSE,TRUE,3
"IK_VMYXUZSZMNBRCN-UHFFFAOYSA-N",50.9622214254571,FALSE,"down",1,FALSE,TRUE,FALSE,FALSE,TRUE,TRUE,3
"IK_KXIAPDOVNFLKOS-FSBLEZRJSA-N",50.952525855358,FALSE,"up",1,FALSE,TRUE,TRUE,FALSE,FALSE,TRUE,3
"IK_UIKROCXWUNQSPJ-VIFPVBQESA-N",50.9419156088345,FALSE,"down",1,FALSE,TRUE,FALSE,FALSE,TRUE,TRUE,3
"IK_CQOQDQWUFQDJMK-SSTWWWIQSA-N",50.9356159739696,FALSE,"up",1,FALSE,TRUE,FALSE,FALSE,TRUE,TRUE,3
"IK_MSWZFWKMSRAUBD-IVMDWMLBSA-N",50.9334274116157,FALSE,"up",1,FALSE,TRUE,TRUE,FALSE,TRUE,TRUE,4
"IK_ATIPDCIQTUXABX-UWVGGRQHSA-N",50.931305362311,FALSE,"up",1,FALSE,TRUE,FALSE,TRUE,FALSE,TRUE,3
"IK_DUAGQYUORDTXOR-GPQRQXLASA-N",50.9206951157874,FALSE,"up",1,FALSE,TRUE,FALSE,FALSE,TRUE,TRUE,3
"IK_FCCFXOHVERVHQR-KDXRDGMUSA-N",50.8570336366461,FALSE,"up",1,FALSE,TRUE,TRUE,FALSE,FALSE,TRUE,3
"IK_HZACOPMRVHUEFI-ISIOAQNYSA-N",50.8464233901226,FALSE,"down",1,FALSE,TRUE,FALSE,FALSE,TRUE,TRUE,3
"IK_XWXLDVGDOHFZSG-KPRBQMARSA-N",50.8372766258782,FALSE,"down",1,FALSE,TRUE,FALSE,FALSE,TRUE,TRUE,3
"IK_GXRODSBSDBCXSO-YJMJMZFLSA-N",50.8352755325017,FALSE,"up",1,FALSE,TRUE,FALSE,FALSE,FALSE,TRUE,2
"IK_JGSUNMCABQUBOY-UHFFFAOYSA-N",50.814592650552,FALSE,"up",1,FALSE,TRUE,FALSE,FALSE,TRUE,TRUE,3
"IK_JZDHUJAFXGNDSB-WHFBIAKZSA-N",50.7800885110867,FALSE,"down",1,FALSE,TRUE,FALSE,FALSE,FALSE,TRUE,2
"IK_JZKXXXDKRQWDET-UHFFFAOYSA-N",50.7721516644578,FALSE,"down",1,FALSE,TRUE,FALSE,FALSE,TRUE,TRUE,3
"IK_REAZZDPREXHWNV-UHFFFAOYSA-N",50.7615414179343,FALSE,"up",1,FALSE,TRUE,FALSE,TRUE,FALSE,TRUE,3
"IK_JVTAAEKCZFNVCJ-UHFFFAOYSA-N",50.7585345854942,TRUE,"up",2,FALSE,TRUE,TRUE,FALSE,TRUE,TRUE,4
"IK_RNYZJZKPGHQTJR-UHFFFAOYSA-N",50.7403209248872,FALSE,"down",1,FALSE,TRUE,FALSE,FALSE,TRUE,TRUE,3
"IK_HQXMTDSLKXAPTA-NRFANRHFSA-N",50.7084901853165,FALSE,"up",1,FALSE,TRUE,TRUE,FALSE,FALSE,TRUE,3
"IK_RBWQERGGVBSKJY-BWFPRIDFSA-N",50.6727467230477,FALSE,"up",1,FALSE,TRUE,TRUE,FALSE,FALSE,TRUE,3
"IK_AXLAMFZYXNDEGQ-MLWYYCKJSA-N",50.581167227034,FALSE,"down",1,FALSE,TRUE,TRUE,FALSE,FALSE,TRUE,3
"IK_BPLYVSYSBPLDOA-UHFFFAOYSA-N",50.5721270299371,FALSE,"down",1,FALSE,TRUE,TRUE,FALSE,FALSE,TRUE,3
"IK_XGILAAMKEQUXLS-UHFFFAOYSA-N",50.5634826178838,FALSE,"up",3,FALSE,TRUE,FALSE,FALSE,FALSE,TRUE,2
"IK_DWZGLEPNCRFCEP-UHFFFAOYSA-N",50.5175057478928,FALSE,"up",1,FALSE,TRUE,TRUE,FALSE,FALSE,TRUE,3
"IK_ITCNXQGVIXCKSL-XXXOFKRQSA-N",50.5175057478928,FALSE,"up",1,FALSE,TRUE,TRUE,FALSE,FALSE,TRUE,3
"IK_KKCIOUWDFWQUBT-AWEZNQCLSA-N",50.4856750083221,FALSE,"down",1,FALSE,TRUE,FALSE,FALSE,TRUE,TRUE,3
"IK_HMNKTRSOROOSPP-UHFFFAOYSA-N",50.4750647617986,FALSE,"up",1,FALSE,TRUE,FALSE,FALSE,TRUE,TRUE,3
"IK_SAAVELCIPHKGJE-UHFFFAOYSA-N",50.4644545152751,FALSE,"up",1,FALSE,TRUE,FALSE,TRUE,FALSE,TRUE,3
"IK_JMXKCYUTURMERF-UHFFFAOYSA-N",50.4521170420872,FALSE,"down",1,FALSE,TRUE,FALSE,FALSE,TRUE,TRUE,3
"IK_RPVCUZZJCXVVDW-WDSKDSINSA-N",50.4401234985374,FALSE,"up",1,FALSE,TRUE,FALSE,TRUE,FALSE,TRUE,3
"IK_TVIDDXQYHWJXFK-UHFFFAOYSA-N",50.4220135291809,FALSE,"up",1,FALSE,TRUE,FALSE,FALSE,TRUE,TRUE,3
"IK_KLJFYXOVGVXZKT-CCEZHUSRSA-N",50.4007930361338,FALSE,"up",1,FALSE,TRUE,FALSE,FALSE,TRUE,TRUE,3
"IK_BCPSFKBPHHBDAI-LURJTMIESA-N",50.3477418035161,FALSE,"down",1,FALSE,TRUE,FALSE,FALSE,TRUE,TRUE,3
"IK_OPQNCARIZFLNLF-JBHFWYGFSA-N",50.3371315569925,FALSE,"down",1,FALSE,TRUE,FALSE,FALSE,TRUE,TRUE,3
"IK_VJNCICVKUHKIIV-ZCFIWIBFSA-N",50.3350713149491,FALSE,"up",1,FALSE,TRUE,TRUE,FALSE,FALSE,TRUE,3
"IK_BXRLWGXPSRYJDZ-UHFFFAOYSA-N",50.326521310469,FALSE,"down",1,FALSE,TRUE,FALSE,FALSE,TRUE,TRUE,3
"IK_IIBOGKHTXBPGEI-UHFFFAOYSA-N",50.3159110639455,FALSE,"down",1,FALSE,TRUE,FALSE,FALSE,TRUE,TRUE,3
"IK_VIVOIHQVZSMABQ-OWRFCLNLSA-N",50.3053008174219,FALSE,"down",1,FALSE,TRUE,TRUE,FALSE,FALSE,TRUE,3
"IK_ZNHVWPKMFKADKW-VXBMJZGYSA-N",50.3029409570013,FALSE,"up",1,FALSE,TRUE,FALSE,FALSE,FALSE,TRUE,2
"IK_OPTASPLRGRRNAP-UHFFFAOYSA-N",50.2862023736795,FALSE,"up",1,FALSE,TRUE,FALSE,TRUE,TRUE,TRUE,4
"IK_BXFFHSIDQOFMLE-UHFFFAOYSA-N",50.2331511410618,FALSE,"up",1,FALSE,TRUE,TRUE,FALSE,TRUE,TRUE,4
"IK_VUALREFPJJODHZ-JTCHKQLLSA-N",50.2310290917571,FALSE,"up",1,FALSE,TRUE,FALSE,FALSE,TRUE,TRUE,3
"IK_JZHBSOAJXNHZEG-UHFFFAOYSA-N",50.231021761198,FALSE,"down",1,FALSE,TRUE,TRUE,FALSE,FALSE,TRUE,3
"IK_CRVXJVHSLVEDRI-UHFFFAOYSA-N",50.2125526279834,FALSE,"down",1,FALSE,TRUE,FALSE,FALSE,TRUE,TRUE,3
"IK_RBNPOMFGQQGHHO-UHFFFAOYSA-N",50.1592409415947,TRUE,"down",2,FALSE,TRUE,FALSE,FALSE,TRUE,TRUE,3
"IK_IZEZNNYKKNVXNA-UHFFFAOYSA-N",50.1567573660923,FALSE,"up",1,FALSE,TRUE,FALSE,TRUE,FALSE,TRUE,3
"IK_ARJPPNFIEQKVBB-UHFFFAOYSA-N",50.1461471195688,FALSE,"down",1,FALSE,TRUE,FALSE,FALSE,TRUE,TRUE,3
"IK_RYFOJXFXERAMLS-UHFFFAOYSA-N",50.1355368730452,FALSE,"up",1,FALSE,TRUE,FALSE,FALSE,TRUE,TRUE,3
"IK_HGLVTNLCPFWLTF-UHFFFAOYSA-N",50.1247043457393,FALSE,"down",1,FALSE,TRUE,TRUE,FALSE,FALSE,TRUE,3
"IK_LUHMMHZLDLBAKX-DBIGVJDZSA-N",50.1037061334746,FALSE,"down",1,FALSE,TRUE,FALSE,FALSE,TRUE,TRUE,3
"IK_MKMUWJJSVUOCQC-DTKYWWSASA-N",50.0824856404275,FALSE,"down",1,FALSE,TRUE,TRUE,FALSE,FALSE,TRUE,3
"IK_ZUILKEWVWUKSAO-ZZXKWVIFSA-N",50.071875393904,FALSE,"up",1,FALSE,TRUE,FALSE,FALSE,TRUE,TRUE,3
"IK_SUHOQUVVVLNYQR-QMMMGPOBSA-N",50.0536422518198,FALSE,"up",1,FALSE,TRUE,TRUE,FALSE,FALSE,TRUE,3
"IK_FONIWJIDLJEJTL-UHFFFAOYSA-N",50.0431703441595,TRUE,"up",2,FALSE,TRUE,FALSE,TRUE,TRUE,TRUE,4
"IK_ODKSFYDXXFIFQN-BYPYZUCNSA-N",50.0404289947088,FALSE,"down",1,FALSE,TRUE,TRUE,TRUE,TRUE,TRUE,5
"IK_NGSWKAQJJWESNS-ZZXKWVIFSA-N",50.0103359640674,FALSE,"up",1,FALSE,TRUE,TRUE,FALSE,TRUE,TRUE,4
"IK_PRDZVHCOEWJPOB-IVMDWMLBSA-N",49.9445524356214,FALSE,"down",1,FALSE,TRUE,FALSE,FALSE,TRUE,TRUE,3
"IK_PEYTUVXFLCCGCC-FENHPFPBSA-N",49.9339421890979,FALSE,"down",1,FALSE,TRUE,FALSE,FALSE,TRUE,TRUE,3
"IK_WHSXTWFYRGOBGO-UHFFFAOYSA-N",49.8808909564802,FALSE,"down",1,FALSE,TRUE,FALSE,FALSE,TRUE,TRUE,3
"IK_YDTWOEYVDRKKCR-KNERPIHHSA-N",49.8702807099566,FALSE,"down",1,FALSE,TRUE,TRUE,FALSE,FALSE,TRUE,3
"IK_QUZSUMLPWDHKCJ-UHFFFAOYSA-N",49.867262277756,FALSE,"up",2,FALSE,TRUE,FALSE,FALSE,TRUE,TRUE,3
"IK_ZNOLGFHPUIJIMJ-UHFFFAOYSA-N",49.8490602169096,FALSE,"up",1,FALSE,TRUE,FALSE,FALSE,TRUE,TRUE,3
"IK_MQTAVJHICJWXBR-UHFFFAOYSA-N",49.838449970386,FALSE,"up",1,FALSE,TRUE,FALSE,FALSE,TRUE,TRUE,3
"IK_QTXWOOLAHRQMGZ-UHFFFAOYSA-N",49.8278397238625,FALSE,"up",1,FALSE,TRUE,FALSE,TRUE,FALSE,TRUE,3
"IK_OBFSLMQLPNKVRW-RHPAUOISSA-N",49.8066192308154,FALSE,"down",1,FALSE,TRUE,TRUE,FALSE,FALSE,TRUE,3
"IK_PMTMAFAPLCGXGK-JMTMCXQRSA-N",49.7990719202119,FALSE,"up",2,FALSE,TRUE,FALSE,TRUE,TRUE,TRUE,4
"IK_AFWKBSMFXWNGRE-ONEGZZNKSA-N",49.7853987377683,FALSE,"down",1,FALSE,TRUE,FALSE,FALSE,TRUE,TRUE,3
"IK_PFURGBBHAOXLIO-UHFFFAOYSA-N",49.7769105405495,FALSE,"up",1,FALSE,TRUE,FALSE,TRUE,TRUE,TRUE,4
"IK_IPRPPFIAVHPVJH-UHFFFAOYSA-N",49.7747884912448,FALSE,"up",1,FALSE,TRUE,FALSE,FALSE,TRUE,TRUE,3
"IK_IXELFRRANAOWSF-FNORWQNLSA-N",49.7722131886905,FALSE,"down",1,FALSE,TRUE,FALSE,FALSE,TRUE,TRUE,3
"IK_RFVFQQWKPSOBED-PSXMRANNSA-N",49.7535679981977,FALSE,"down",1,FALSE,TRUE,TRUE,FALSE,FALSE,TRUE,3
"IK_WMOFTJILTZIKIH-DIPNUNPCSA-N",49.7430180616155,FALSE,"down",1,FALSE,TRUE,TRUE,FALSE,FALSE,TRUE,3
"IK_LGOQXEQWOCSLEC-CYZBKYQRSA-N",49.7323475051506,FALSE,"down",1,FALSE,TRUE,FALSE,TRUE,FALSE,TRUE,3
"IK_MGRVRXRGTBOSHW-UHFFFAOYSA-N",49.7217372586271,FALSE,"down",1,FALSE,TRUE,FALSE,FALSE,TRUE,TRUE,3
"IK_QCCRPLPTELVLHD-LCYFTJDESA-N",49.7127734296675,FALSE,"up",1,FALSE,TRUE,FALSE,FALSE,TRUE,TRUE,3
"IK_RAWJLCORCPFJMI-PXQGODGESA-N",49.7008717842311,FALSE,"down",1,FALSE,TRUE,TRUE,FALSE,FALSE,TRUE,3
"IK_UQWLOWFDKAFKAP-WXHSDQCUSA-N",49.70051676558,FALSE,"up",1,FALSE,TRUE,FALSE,FALSE,TRUE,TRUE,3
"IK_MGFYIUFZLHCRTH-UHFFFAOYSA-N",49.6899065190564,FALSE,"down",1,FALSE,TRUE,FALSE,FALSE,TRUE,TRUE,3
"IK_VMOJNRFXEJSJDS-UHFFFAOYSA-N",49.6877844697517,FALSE,"up",1,FALSE,TRUE,FALSE,FALSE,FALSE,TRUE,2
"IK_HBZNVZIRJWODIB-BCTRXSSUSA-N",49.6792962725329,FALSE,"down",1,FALSE,TRUE,TRUE,FALSE,FALSE,TRUE,3
"IK_CGMZWBZSOINWHL-YPDYIYJKSA-N",49.6580757794858,FALSE,"down",1,FALSE,TRUE,FALSE,TRUE,FALSE,TRUE,3
"IK_QQOGTJREOAHYMT-UHFFFAOYSA-N",49.634733237134,FALSE,"up",1,FALSE,TRUE,FALSE,FALSE,FALSE,TRUE,2
"IK_XAPHYNIJAGNNNA-YFTOQCAPSA-N",49.6344830975825,FALSE,"down",1,FALSE,TRUE,FALSE,FALSE,FALSE,TRUE,2
"IK_CKLJMWTZIZZHCS-REOHCLBHSA-N",49.6311332588379,FALSE,"up",2,FALSE,TRUE,FALSE,TRUE,TRUE,TRUE,4
"IK_PEHSVUKQDJULKE-UHFFFAOYSA-N",49.6262450399152,FALSE,"up",1,FALSE,TRUE,FALSE,FALSE,TRUE,TRUE,3
"IK_VCSCPMNEABGTIT-MDTVQASCSA-L",49.6156347933916,FALSE,"up",1,FALSE,TRUE,TRUE,FALSE,FALSE,TRUE,3
"IK_MXVGMMSYPKQPGC-VGWLKTBOSA-N",49.6089794957164,FALSE,"up",1,FALSE,TRUE,TRUE,FALSE,FALSE,TRUE,3
"IK_OJXQLGQIDIPMTE-UHFFFAOYSA-N",49.6050245468681,FALSE,"up",1,FALSE,TRUE,FALSE,FALSE,TRUE,TRUE,3
"IK_DCXMBZPFKOPATQ-UHFFFAOYSA-N",49.5922922510398,FALSE,"up",1,FALSE,TRUE,FALSE,FALSE,FALSE,TRUE,2
"IK_JEKNPVYFNMZRJG-STHMYGMFSA-N",49.583804053821,FALSE,"up",1,FALSE,TRUE,FALSE,FALSE,TRUE,TRUE,3
"IK_LVNGJLRDBYCPGB-LDLOPFEMSA-N",49.5731938072975,FALSE,"down",1,FALSE,TRUE,TRUE,FALSE,FALSE,TRUE,3
"IK_XUWHAWMETYGRKB-UHFFFAOYSA-N",49.5647056100786,FALSE,"up",1,FALSE,TRUE,FALSE,TRUE,TRUE,TRUE,4
"IK_VMUNAKQXJLHODT-VAWYXSNFSA-N",49.5417359462048,FALSE,"down",1,FALSE,TRUE,FALSE,FALSE,FALSE,TRUE,2
"IK_DWHSGRLKLUGKOU-UHFFFAOYSA-N",49.518020525375,FALSE,"up",1,FALSE,TRUE,FALSE,FALSE,FALSE,TRUE,2
"IK_PZSJOBKRSVRODF-UHFFFAOYSA-N",49.5074102788515,FALSE,"up",1,FALSE,TRUE,FALSE,FALSE,FALSE,TRUE,2
"IK_XKBJVQHMEXMFDZ-AREMUKBSSA-N",49.4989220816326,FALSE,"up",1,FALSE,TRUE,FALSE,TRUE,FALSE,TRUE,3
"IK_SDFGVADIYWFGIV-LAPDZXRHSA-N",49.4946626754752,FALSE,"down",1,FALSE,TRUE,TRUE,FALSE,FALSE,TRUE,3
"IK_DRBBFCLWYRJSJZ-UHFFFAOYSA-N",49.4907841255612,FALSE,"up",1,FALSE,TRUE,FALSE,FALSE,TRUE,TRUE,3
"IK_QDPNFTHYUAKYKM-UHFFFAOYSA-N",49.4755795392809,FALSE,"up",1,FALSE,TRUE,FALSE,FALSE,FALSE,TRUE,2
"IK_AORCXYMSPVAQIZ-UHFFFAOYSA-N",49.467091342062,FALSE,"up",1,FALSE,TRUE,FALSE,TRUE,FALSE,TRUE,3
"IK_DIJBBUIOWGGQOP-QGVNFLHTSA-N",49.4586031448432,FALSE,"up",1,FALSE,TRUE,FALSE,TRUE,TRUE,TRUE,4
"IK_OEWWEABZDCFLPH-UHFFFAOYSA-N",49.4522082469948,FALSE,"down",1,FALSE,TRUE,TRUE,FALSE,FALSE,TRUE,3
"IK_PVWHKAOMCLSWPF-BNFZFUHLSA-O",49.4388740065159,FALSE,"down",1,FALSE,TRUE,FALSE,FALSE,FALSE,TRUE,2
"IK_RDZNZFGKEVDNPK-UHFFFAOYSA-N",49.4316468811055,FALSE,"down",1,FALSE,TRUE,FALSE,FALSE,TRUE,TRUE,3
"IK_HRYLQFBHBWLLLL-AHNJNIBGSA-N",49.4246503559678,FALSE,"up",1,FALSE,TRUE,FALSE,FALSE,TRUE,TRUE,3
"IK_BPHPUYQFMNQIOC-NXRLNHOXSA-N",49.4119180601396,FALSE,"up",1,FALSE,TRUE,FALSE,FALSE,FALSE,TRUE,2
"IK_UMLOUOBDBGOHHR-UHFFFAOYSA-N",49.4034298629208,FALSE,"up",1,FALSE,TRUE,FALSE,FALSE,TRUE,TRUE,3
"IK_ZBOQHUSCQCEBGK-JLRCLJKCSA-N",49.3928196163972,FALSE,"up",1,FALSE,TRUE,TRUE,FALSE,FALSE,TRUE,3
"IK_LPEPZZAVFJPLNZ-SFHVURJKSA-N",49.3822093698737,FALSE,"up",1,FALSE,TRUE,FALSE,FALSE,TRUE,TRUE,3
"IK_SBKADJXSGGTEPN-UHFFFAOYSA-N",49.380087320569,FALSE,"up",1,FALSE,TRUE,FALSE,FALSE,FALSE,TRUE,2
"IK_IEFQLTYCECVOLL-UHFFFAOYSA-N",49.3715991233501,FALSE,"down",1,FALSE,TRUE,FALSE,FALSE,TRUE,TRUE,3
"IK_BDTIGNGBIBFXSE-UHFFFAOYSA-N",49.3694770740454,FALSE,"up",1,FALSE,TRUE,FALSE,FALSE,FALSE,TRUE,2
"IK_XTWYTFMLZFPYCI-KQYNXXCUSA-N",49.3609888768266,FALSE,"down",1,FALSE,TRUE,FALSE,FALSE,TRUE,TRUE,3
"IK_KWNPSWVOZWAPLW-UHFFFAOYSA-N",49.3482565809983,FALSE,"up",1,FALSE,TRUE,FALSE,FALSE,FALSE,TRUE,2
"IK_NMPZCCZXCOMSDQ-ZRTZXPPTSA-N",49.3270019347336,FALSE,"up",1,FALSE,TRUE,FALSE,TRUE,FALSE,TRUE,3
"IK_OPKOKAMJFNKNAS-UHFFFAOYSA-N",49.3185478907324,FALSE,"up",1,FALSE,TRUE,FALSE,FALSE,TRUE,TRUE,3
"IK_CZTQZXZIADLWOZ-UHFFFAOYSA-O",49.3058155949042,FALSE,"up",1,FALSE,TRUE,FALSE,FALSE,FALSE,TRUE,2
"IK_XPBXOWYWJUBGMF-UHFFFAOYSA-N",49.2952053483806,FALSE,"up",1,FALSE,TRUE,FALSE,FALSE,FALSE,TRUE,2
"IK_VJLLLMIZEJJZTE-LKPYDFSUSA-N",49.2877445842506,FALSE,"up",1,FALSE,TRUE,FALSE,FALSE,FALSE,TRUE,2
"IK_SSZYARBRHYOZQM-OWOJBTEDSA-N",49.2845951018571,FALSE,"down",1,FALSE,TRUE,FALSE,FALSE,FALSE,TRUE,2
"IK_OUKDNADVOQVFAR-NBTXLFQMSA-N",49.284129030411,FALSE,"up",1,FALSE,TRUE,FALSE,FALSE,FALSE,TRUE,2
"IK_NMEZJSDUZQOPFE-UHFFFAOYSA-N",49.2548864115912,FALSE,"up",1,FALSE,TRUE,FALSE,FALSE,TRUE,TRUE,3
"IK_BEQZHFIKTBVCAU-UHFFFAOYSA-N",49.2527643622865,FALSE,"up",1,FALSE,TRUE,FALSE,FALSE,FALSE,TRUE,2
"IK_AOHCBEAZXHZMOR-ZDUSSCGKSA-N",49.2379100171535,FALSE,"down",1,FALSE,TRUE,TRUE,TRUE,TRUE,TRUE,5
"IK_YKZFASAFVKFZJE-UHFFFAOYSA-N",49.2336659185441,FALSE,"down",1,FALSE,TRUE,FALSE,TRUE,FALSE,TRUE,3
"IK_IFRKCNPQVIJFAQ-PQVBWYSWSA-N",49.2289719571991,FALSE,"up",1,FALSE,TRUE,FALSE,FALSE,FALSE,TRUE,2
"IK_NIDNHJFXEWZXLZ-VGVQALKYSA-N",49.2230556720205,FALSE,"down",1,FALSE,TRUE,TRUE,FALSE,FALSE,TRUE,3
"IK_SGJCXOWLBVNALR-UHFFFAOYSA-N",49.212445425497,FALSE,"up",1,FALSE,TRUE,TRUE,FALSE,FALSE,TRUE,3
"IK_TYQPBHYPIRLWKU-NKWVEPMBSA-N",49.2093550624319,FALSE,"down",1,FALSE,TRUE,TRUE,FALSE,FALSE,TRUE,3
"IK_DEKNNWJXAQTLFA-UHFFFAOYSA-N",49.1891028831452,FALSE,"up",1,FALSE,TRUE,FALSE,FALSE,FALSE,TRUE,2
"IK_ONWMQORSVZYVNH-UHFFFAOYSA-N",49.1784926366217,FALSE,"up",1,FALSE,TRUE,FALSE,FALSE,FALSE,TRUE,2
"IK_RALVCBWUWHJOGL-OPMJLWCUSA-N",49.1678823900981,FALSE,"up",1,FALSE,TRUE,FALSE,FALSE,FALSE,TRUE,2
"IK_KVTFEOAKFFQCCX-UHFFFAOYSA-N",49.1593941928793,FALSE,"down",1,FALSE,TRUE,FALSE,TRUE,FALSE,TRUE,3
"IK_UKDKTHYZLXZOSS-UHFFFAOYSA-N",49.1572721435746,FALSE,"up",1,FALSE,TRUE,FALSE,FALSE,FALSE,TRUE,2
"IK_RYYVLZVUVIJVGH-UHFFFAOYSA-N",49.1495245030109,TRUE,"down",2,TRUE,TRUE,TRUE,FALSE,TRUE,TRUE,4
"IK_JDHILDINMRGULE-UHFFFAOYNA-N",49.140963286894,FALSE,"down",1,FALSE,TRUE,TRUE,FALSE,TRUE,TRUE,4
"IK_PRFXRIUZNKLRHM-HKVRTXJWSA-N",49.1381736998322,FALSE,"up",1,FALSE,TRUE,FALSE,FALSE,TRUE,TRUE,3
"IK_HSMHKPFJPOTDCW-MFDWXRHISA-N",49.1360516505275,FALSE,"up",1,FALSE,TRUE,FALSE,FALSE,FALSE,TRUE,2
"IK_SNVAIAITQIIEMQ-DUXPYHPUSA-N",49.1254414040039,FALSE,"up",1,FALSE,TRUE,FALSE,FALSE,FALSE,TRUE,2
"IK_UAUDZVJPLUQNMU-KTKRTIGZSA-N",49.1231084272189,FALSE,"up",2,FALSE,TRUE,FALSE,FALSE,FALSE,TRUE,2
"IK_IZGYIFFQBZWOLJ-UUZREKTLSA-N",49.1169532067851,FALSE,"up",1,FALSE,TRUE,FALSE,FALSE,TRUE,TRUE,3
"IK_KDXKERNSBIXSRK-UHFFFAOYNA-N",49.0982144324164,FALSE,"down",1,FALSE,TRUE,TRUE,FALSE,TRUE,TRUE,4
"IK_IACOAKYXFIWAQN-UHFFFAOYSA-N",49.0972857577632,FALSE,"up",1,FALSE,TRUE,FALSE,FALSE,FALSE,TRUE,2
"IK_IITQLVPAMWYCDQ-UHFFFAOYSA-N",49.0830004179098,FALSE,"up",1,FALSE,TRUE,FALSE,FALSE,FALSE,TRUE,2
"IK_YPIGGYHFMKJNKV-UHFFFAOYSA-N",49.0639019741674,FALSE,"up",1,FALSE,TRUE,FALSE,FALSE,TRUE,TRUE,3
"IK_PHYYADMVYQURSX-GHXNOFRVSA-M",49.0617799248627,FALSE,"up",1,FALSE,TRUE,FALSE,FALSE,FALSE,TRUE,2
"IK_YGSDEFSMJLZEOE-UHFFFAOYSA-N",49.0554137769486,FALSE,"down",1,FALSE,TRUE,TRUE,FALSE,TRUE,TRUE,4
"IK_GLLFNZDVMSLOCL-UHFFFAOYSA-N",49.0511696783391,FALSE,"up",1,FALSE,TRUE,FALSE,FALSE,FALSE,TRUE,2
"IK_HJSJELVDQOXCHO-JGVFFNPUSA-N",49.0320712345968,FALSE,"up",1,FALSE,TRUE,FALSE,FALSE,TRUE,TRUE,3
"IK_KVNPSKDDJARYKK-JTQLQIEISA-N",49.0193389387685,FALSE,"up",1,FALSE,TRUE,FALSE,FALSE,FALSE,TRUE,2
"IK_FLWFZAGAZMHZQM-IVWGLPAOSA-N",49.0002404950261,FALSE,"down",1,FALSE,TRUE,TRUE,FALSE,FALSE,TRUE,3
"IK_IRSFLDGTOHBADP-UHFFFAOYSA-N",48.9917522978073,FALSE,"down",1,FALSE,TRUE,FALSE,TRUE,TRUE,TRUE,4
"IK_JWARBUNVUNGRQE-UHFFFAOYSA-N",48.9875081991979,FALSE,"up",1,FALSE,TRUE,FALSE,FALSE,FALSE,TRUE,2
"IK_ALPFACMJGXQCHP-TUUIQCBBSA-N",48.979020001979,FALSE,"up",1,FALSE,TRUE,TRUE,FALSE,FALSE,TRUE,3
"IK_YCPXWRQRBFJBPZ-UHFFFAOYSA-N",48.9684097554555,FALSE,"up",1,FALSE,TRUE,FALSE,FALSE,TRUE,TRUE,3
"IK_SPEJHKMQDKKCTG-UHFFFAOYSA-N",48.9662877061508,FALSE,"up",1,FALSE,TRUE,FALSE,FALSE,FALSE,TRUE,2
"IK_KIDHWZJUCRJVML-UHFFFAOYSA-N",48.9304008732536,FALSE,"up",2,FALSE,TRUE,FALSE,TRUE,TRUE,TRUE,4
"IK_FRQOZJPRMBMFKX-DKWTVANSSA-N",48.9279259993026,FALSE,"up",1,FALSE,TRUE,TRUE,FALSE,FALSE,TRUE,3
"IK_BTLNRJMECFTISR-UHFFFAOYSA-N",48.9259687693613,FALSE,"up",1,FALSE,TRUE,FALSE,TRUE,FALSE,TRUE,3
"IK_VGJDUVKGGZDWPB-WRPJNQIKSA-N",48.9259687693613,FALSE,"down",1,FALSE,TRUE,TRUE,FALSE,FALSE,TRUE,3
"IK_PYUXYCIEXJYNLI-AMHUYZMWSA-O",48.9132364735331,FALSE,"up",1,FALSE,TRUE,FALSE,FALSE,FALSE,TRUE,2
"IK_KEYXJLUVVQSLGX-JRTZWYSWSA-N",48.9047482763142,FALSE,"up",1,FALSE,TRUE,TRUE,FALSE,FALSE,TRUE,3
"IK_FBUBVLUPUDBFME-UHFFFAOYSA-N",48.8941380297907,FALSE,"down",1,FALSE,TRUE,FALSE,FALSE,TRUE,TRUE,3
"IK_BFZKMNSQCNVFGM-UCEYFQQTSA-N",48.892015980486,FALSE,"up",1,FALSE,TRUE,FALSE,FALSE,FALSE,TRUE,2
"NO_INCHIKEY__ffa 11 1",48.8845015603431,FALSE,"down",1,FALSE,FALSE,FALSE,FALSE,FALSE,FALSE,0
"IK_XPQULTFBJPGINB-UHFFFAOYSA-N",48.8835277832672,FALSE,"up",1,FALSE,TRUE,FALSE,FALSE,TRUE,TRUE,3
"IK_LUINDDOUWHRIPW-UHFFFAOYSA-N",48.8814057339625,FALSE,"up",1,FALSE,TRUE,FALSE,FALSE,FALSE,TRUE,2
"IK_ORQXBVXKBGUSBA-UHFFFAOYSA-N",48.8729175367436,FALSE,"down",1,FALSE,TRUE,FALSE,TRUE,FALSE,TRUE,3
"IK_WRNKIDLXXXIELU-IEBWSBKVSA-N",48.8707954874389,FALSE,"up",1,FALSE,TRUE,FALSE,FALSE,FALSE,TRUE,2
"IK_WVGALBKSWOUIEZ-XNHMFJFDSA-N",48.8516970436965,FALSE,"down",1,FALSE,TRUE,TRUE,FALSE,FALSE,TRUE,3
"IK_GQQALHZKRGXRTO-AEMURDCYSA-N",48.841086797173,FALSE,"down",1,FALSE,TRUE,TRUE,FALSE,FALSE,TRUE,3
"IK_SBBDHANTMHIRGW-UHFFFAOYSA-N",48.8304765506494,FALSE,"up",1,FALSE,TRUE,FALSE,TRUE,FALSE,TRUE,3
"IK_NFOMHWALMFWNAQ-UHFFFAOYSA-N",48.8283545013447,FALSE,"down",1,FALSE,TRUE,FALSE,FALSE,FALSE,TRUE,2
"IK_ZYEMKIHYSVDTSN-UHFFFAOYSA-N",48.8198663041259,FALSE,"up",1,FALSE,TRUE,FALSE,TRUE,FALSE,TRUE,3
"IK_CZNJCCVKDVCRKF-UHFFFAOYSA-N",48.8177442548212,FALSE,"up",1,FALSE,TRUE,FALSE,FALSE,FALSE,TRUE,2
"IK_JOATXPAWOHTVSZ-UHFFFAOYSA-N",48.813170872699,FALSE,"down",1,FALSE,TRUE,FALSE,FALSE,FALSE,TRUE,2
"IK_GINJFDRNADDBIN-FXQIFTODSA-N",48.7986458110788,FALSE,"down",1,FALSE,TRUE,FALSE,FALSE,TRUE,TRUE,3
"IK_GRXIELRCPYIEQI-UHFFFAOYSA-M",48.7965237617741,FALSE,"up",1,FALSE,TRUE,FALSE,FALSE,FALSE,TRUE,2
"IK_NGBBVGZWCFBOGO-UHFFFAOYSA-N",48.775303268727,FALSE,"up",1,FALSE,TRUE,FALSE,FALSE,FALSE,TRUE,2
"IK_LLLPDUXGHXIXIW-UHFFFAOYSA-N",48.7689371208129,FALSE,"up",1,FALSE,TRUE,TRUE,TRUE,FALSE,TRUE,4
"IK_BFBJRMADQFCOCV-UHFFFAOYSA-N",48.7646930222035,FALSE,"down",1,FALSE,TRUE,FALSE,FALSE,FALSE,TRUE,2
"IK_QQHJDPROMQRDLA-UHFFFAOYSA-N",48.7477166277658,FALSE,"up",1,FALSE,TRUE,FALSE,TRUE,TRUE,TRUE,4
"IK_YBMOTEQVMANKGX-JAMMHHFISA-O",48.7434725291564,FALSE,"down",1,FALSE,TRUE,FALSE,FALSE,FALSE,TRUE,2
"IK_QVWAEZJXDYOKEH-UHFFFAOYSA-N",48.7371063812423,FALSE,"up",1,FALSE,TRUE,TRUE,FALSE,TRUE,TRUE,4
"IK_FOULCGVQZYQEQM-DNXGLLHMSA-N",48.724374085414,FALSE,"down",1,FALSE,TRUE,TRUE,FALSE,FALSE,TRUE,3
"IK_VKVSSDKCKXJFIM-AFYHZPHLSA-N",48.714830876207,FALSE,"down",1,FALSE,TRUE,FALSE,FALSE,FALSE,TRUE,2
"IK_ZBXYMKUZCWCGPC-BDWKERMESA-N",48.7137638388905,FALSE,"up",1,FALSE,TRUE,FALSE,TRUE,FALSE,TRUE,3
"IK_CKHWEVXPLJBEOZ-VQVTYTSYSA-N",48.7070129652587,FALSE,"down",1,FALSE,TRUE,FALSE,FALSE,FALSE,TRUE,2
"IK_LJOOSFYJELZGMR-UHFFFAOYSA-N",48.7050390525989,FALSE,"down",1,FALSE,TRUE,FALSE,FALSE,TRUE,TRUE,3
"IK_NFXHRONXTSUXIR-PUKZTNJRSA-N",48.6819330993198,FALSE,"up",1,FALSE,TRUE,TRUE,FALSE,FALSE,TRUE,3
"IK_FZWGECJQACGGTI-UHFFFAOYSA-N",48.673444902101,FALSE,"up",1,FALSE,TRUE,FALSE,TRUE,TRUE,TRUE,4
"IK_YDCKQKAUVJTIHE-UHFFFAOYSA-N",48.6692008034916,FALSE,"up",1,FALSE,TRUE,FALSE,FALSE,FALSE,TRUE,2
"IK_ODBLHEXUDAPZAU-UHFFFAOYSA-N",48.6540946358599,TRUE,"up",2,FALSE,TRUE,FALSE,FALSE,TRUE,TRUE,3
"IK_ZFTUXXJICSMDGE-ZCXUNETKSA-N",48.646244133739,FALSE,"down",1,FALSE,TRUE,TRUE,FALSE,FALSE,TRUE,3
"IK_OKKOTEXYXPSGMF-VDRIIYAVSA-N",48.6394921132257,FALSE,"down",1,FALSE,TRUE,TRUE,FALSE,FALSE,TRUE,3
"IK_KJABUVRFCPPJPD-UHFFFAOYSA-N",48.6267598173974,FALSE,"down",1,FALSE,TRUE,FALSE,FALSE,FALSE,TRUE,2
"IK_RQXNAJITDPUZBL-ROQBABNZSA-N",48.6182716201786,FALSE,"up",1,FALSE,TRUE,TRUE,FALSE,FALSE,TRUE,3
"IK_DREONSBNBZFXLW-UHFFFAOYSA-N",48.6161495708739,FALSE,"up",1,FALSE,TRUE,FALSE,FALSE,FALSE,TRUE,2
"IK_FXGOEHDEIHUMCP-XNGCGXPYSA-N",48.5970511271315,FALSE,"down",1,FALSE,TRUE,TRUE,FALSE,FALSE,TRUE,3
"IK_LJARBVLDSOWRJT-PSXMRANNSA-N",48.5970511271315,FALSE,"down",1,FALSE,TRUE,TRUE,FALSE,FALSE,TRUE,3
"IK_AXCLECQLCBWNLZ-KZZBVOOISA-N",48.5882702334568,FALSE,"up",1,FALSE,TRUE,TRUE,FALSE,FALSE,TRUE,3
"IK_KIUOSJFEKWWKSM-UHFFFAOYSA-N",48.5804026911965,FALSE,"down",1,FALSE,TRUE,FALSE,FALSE,FALSE,TRUE,2
"IK_SMYALUSCZJXWHG-UHFFFAOYSA-N",48.5758306340844,FALSE,"up",1,FALSE,TRUE,FALSE,FALSE,TRUE,TRUE,3
"IK_USHMBEFGKMCIBD-BQYQJAHWSA-N",48.5737085847797,FALSE,"up",1,FALSE,TRUE,FALSE,FALSE,FALSE,TRUE,2
"IK_VRBFTYUMFJWSJY-UHFFFAOYSA-N",48.5630983382562,FALSE,"up",1,FALSE,TRUE,FALSE,FALSE,FALSE,TRUE,2
"IK_QJXKIQOLZYQDJN-UHFFFAOYSA-N",48.5431434941262,FALSE,"down",1,FALSE,TRUE,TRUE,FALSE,FALSE,TRUE,3
"IK_YXFNPRHZMOGREC-UHFFFAOYSA-N",48.5418778452091,FALSE,"down",1,FALSE,TRUE,FALSE,FALSE,FALSE,TRUE,2
"IK_ZLBGSRMUSVULIE-GSMJGMFJSA-N",48.5312675986855,FALSE,"down",1,FALSE,TRUE,FALSE,FALSE,FALSE,TRUE,2
"IK_IBLCRTNVHXHBPT-UHFFFAOYSA-N",48.520657352162,FALSE,"up",1,FALSE,TRUE,FALSE,FALSE,FALSE,TRUE,2
"IK_GDXFUCUOFXIMJG-METRJLLLSA-N",48.4941995301345,FALSE,"down",1,FALSE,TRUE,TRUE,FALSE,FALSE,TRUE,3
"IK_KRKNYBCHXYNGOX-UHFFFAOYSA-N",48.4739722674584,FALSE,"up",1,FALSE,TRUE,TRUE,TRUE,TRUE,TRUE,5
"IK_AHLPHDHHMVZTML-SCSAIBSYSA-N",48.4718502181537,FALSE,"up",1,FALSE,TRUE,FALSE,TRUE,TRUE,TRUE,4
"IK_AZYMCYXTLDIFNX-IRSOEJBUSA-N",48.469728168849,FALSE,"down",1,FALSE,TRUE,TRUE,FALSE,FALSE,TRUE,3
"IK_GNWHRHGTIBRNSM-UHFFFAOYSA-N",48.4676061195443,FALSE,"down",1,FALSE,TRUE,FALSE,FALSE,FALSE,TRUE,2
"IK_PHMBVCPLDPDESM-GHNGIAPOSA-N",48.4612399716301,FALSE,"down",1,FALSE,TRUE,FALSE,TRUE,TRUE,TRUE,4
"IK_LVJJEIJOKPHQOU-UHFFFAOYSA-N",48.4569958730207,FALSE,"up",1,FALSE,TRUE,FALSE,FALSE,FALSE,TRUE,2
"IK_BKAJNAXTPSGJCU-UHFFFAOYSA-N",48.4561160462528,FALSE,"up",3,FALSE,TRUE,FALSE,FALSE,FALSE,TRUE,2
"IK_VXIXUWQIVKSKSA-UHFFFAOYSA-N",48.4485076758019,FALSE,"up",1,FALSE,TRUE,FALSE,FALSE,TRUE,TRUE,3
"IK_RRMWQDBJZKKUGJ-HZNABPJSSA-N",48.4378974292784,FALSE,"up",1,FALSE,TRUE,TRUE,FALSE,FALSE,TRUE,3
"IK_UMCDODPBPQMWQP-UHFFFAOYSA-N",48.4357753799736,FALSE,"up",1,FALSE,TRUE,FALSE,FALSE,FALSE,TRUE,2
"IK_GLVWZDCWCRWVFM-RZGYGYJVSA-N",48.4251651334501,FALSE,"up",1,FALSE,TRUE,FALSE,FALSE,FALSE,TRUE,2
"IK_HUTDUHSNJYTCAR-UHFFFAOYSA-N",48.3975784924889,FALSE,"down",1,FALSE,TRUE,FALSE,TRUE,TRUE,TRUE,4
"IK_HOSGXJWQVBHGLT-UHFFFAOYSA-N",48.3933343938795,FALSE,"up",1,FALSE,TRUE,FALSE,FALSE,FALSE,TRUE,2
"IK_URPXXNCTXCOATD-FXMFQVEGSA-N",48.3848461966606,FALSE,"down",1,FALSE,TRUE,TRUE,FALSE,FALSE,TRUE,3
"IK_AFWBWPCXSWUCLB-WDSKDSINSA-N",48.3839778905236,FALSE,"down",1,FALSE,TRUE,FALSE,FALSE,FALSE,TRUE,2
"IK_DUIFVCFSAWHIOD-AATRIKPKSA-N",48.35301545709,FALSE,"up",1,FALSE,TRUE,FALSE,TRUE,FALSE,TRUE,3
"IK_GENAHGKEFJLNJB-QMTHXVAHSA-N",48.3424052105665,FALSE,"up",1,FALSE,TRUE,FALSE,FALSE,TRUE,TRUE,3
"IK_FWQWYTQHEPIGFR-XFENYREESA-N",48.3317949640429,FALSE,"up",1,FALSE,TRUE,FALSE,TRUE,FALSE,TRUE,3
"IK_XBSQTYHEGZTYJE-OETIFKLTSA-N",48.3233067668241,FALSE,"up",1,FALSE,TRUE,FALSE,TRUE,TRUE,TRUE,4
"IK_QZPQTZZNNJUOLS-UHFFFAOYSA-N",48.3211847175194,FALSE,"down",1,FALSE,TRUE,FALSE,FALSE,TRUE,TRUE,3
"IK_HKVGJQVJNQRJPO-VTDDDATNSA-N",48.3190626682147,FALSE,"up",1,FALSE,TRUE,FALSE,FALSE,FALSE,TRUE,2
"IK_YODZTKMDCQEPHD-UHFFFAOYSA-N",48.3105744709958,FALSE,"down",1,FALSE,TRUE,FALSE,FALSE,TRUE,TRUE,3
"IK_YPIQXPKZXKWWSZ-UHFFFAOYSA-N",48.3084524216911,FALSE,"up",1,FALSE,TRUE,FALSE,FALSE,FALSE,TRUE,2
"IK_DZMVCVHATYROOS-ZBFGKEHZSA-N",48.2978421751676,FALSE,"down",1,FALSE,TRUE,FALSE,FALSE,FALSE,TRUE,2
"IK_JWFBUBZOMPFGDL-YBRFZANVSA-N",48.2893539779487,FALSE,"up",1,FALSE,TRUE,TRUE,FALSE,FALSE,TRUE,3
"IK_ORVQWHLMVLOZPX-ZZXKWVIFSA-N",48.2872319286441,FALSE,"up",1,FALSE,TRUE,FALSE,FALSE,FALSE,TRUE,2
"IK_KCXVZYZYPLLWCC-UHFFFAOYSA-N",48.2829878300346,FALSE,"down",1,FALSE,TRUE,TRUE,TRUE,TRUE,TRUE,5
"IK_RJDBNSZFZDWPFL-WEDYNZIRSA-N",48.2487149043653,FALSE,"down",1,FALSE,TRUE,FALSE,FALSE,FALSE,TRUE,2
"IK_FICLVQOYKYBXFN-UHFFFAOYSA-N",48.2469129918546,FALSE,"up",1,FALSE,TRUE,TRUE,FALSE,FALSE,TRUE,3
"IK_QDRJMAHGAQYRIN-PKKQLAOCSA-N",48.2459205471284,FALSE,"down",1,FALSE,TRUE,FALSE,FALSE,FALSE,TRUE,2
"IK_FAASBXNEOGMQHS-BYPYZUCNSA-N",48.236302745331,FALSE,"up",1,FALSE,TRUE,FALSE,FALSE,TRUE,TRUE,3
"IK_ATTZFSUZZUNHBP-UHFFFAOYSA-N",48.2150822522839,FALSE,"up",1,FALSE,TRUE,FALSE,FALSE,TRUE,TRUE,3
"IK_WTFXTQVDAKGDEY-HTQZYQBOSA-N",48.21343583472,FALSE,"up",1,FALSE,TRUE,FALSE,FALSE,TRUE,TRUE,3
"IK_UYPYRKYUKCHHIB-UHFFFAOYSA-N",48.2065940550651,FALSE,"up",1,FALSE,TRUE,TRUE,FALSE,TRUE,TRUE,4
"IK_RFHSOKOVHMEMLA-JCMJOHBISA-N",48.2020273082414,FALSE,"up",1,FALSE,TRUE,TRUE,FALSE,FALSE,TRUE,3
"IK_WTIIULQJLZEHGZ-AWFVSMACSA-L",48.1917397099322,FALSE,"up",1,FALSE,TRUE,FALSE,FALSE,FALSE,TRUE,2
"IK_HHJTWTPUPVQKNA-JIAPQYILSA-N",48.1761608142834,FALSE,"down",1,FALSE,TRUE,FALSE,FALSE,TRUE,TRUE,3
"IK_CZZZOTXCAIDYOZ-UHFFFAOYSA-N",48.1620310196662,FALSE,"down",1,FALSE,TRUE,FALSE,TRUE,FALSE,TRUE,3
"IK_YYNNALSPFZYOOO-RRHRGVEJSA-N",48.1527443381148,FALSE,"up",1,FALSE,TRUE,TRUE,FALSE,FALSE,TRUE,3
"IK_GOUHYARYYWKXHS-UHFFFAOYSA-N",48.1463349595461,FALSE,"down",1,FALSE,TRUE,FALSE,TRUE,TRUE,TRUE,4
"IK_LFUCRBSGQMAKCO-UHFFFAOYSA-N",48.1408105266191,FALSE,"up",1,FALSE,TRUE,FALSE,FALSE,TRUE,TRUE,3
"IK_GIYMZAJHBZLOGR-UHFFFAOYSA-N",48.1386884773144,FALSE,"up",1,FALSE,TRUE,FALSE,FALSE,FALSE,TRUE,2
"IK_MVOYJPOZRLFTCP-UHFFFAOYSA-N",48.1346325931439,FALSE,"up",2,FALSE,TRUE,TRUE,TRUE,TRUE,TRUE,5
"IK_ZAVFAQIEEDHGRI-JVYSIHAYSA-N",48.1302002800956,FALSE,"down",1,FALSE,TRUE,TRUE,FALSE,FALSE,TRUE,3
"IK_IVFYLRMMHVYGJH-VLOLGRDOSA-N",48.1195900335721,FALSE,"up",1,FALSE,TRUE,FALSE,FALSE,TRUE,TRUE,3
"IK_KUYNOZVWCFXSNE-BYNIDDHOSA-N",48.1174679842674,FALSE,"up",1,FALSE,TRUE,FALSE,FALSE,FALSE,TRUE,2
"IK_JBFYFLXEJFQWMU-WDSKDSINSA-N",48.1068577377438,FALSE,"up",1,FALSE,TRUE,FALSE,FALSE,FALSE,TRUE,2
"IK_AJTJVNKPLZTLHV-RJJHQZCFSA-N",48.098369540525,FALSE,"down",1,FALSE,TRUE,TRUE,FALSE,FALSE,TRUE,3
"IK_ZZKNRXZVGOYGJT-VKHMYHEASA-N",48.0962474912203,FALSE,"down",1,FALSE,TRUE,FALSE,FALSE,FALSE,TRUE,2
"IK_KECVAQLNZFMLLN-DUXPYHPUSA-N",48.088491035141,FALSE,"up",1,FALSE,TRUE,FALSE,FALSE,TRUE,TRUE,3
"IK_GLONBVCUAVPJFV-PCDHEYSGSA-N",48.0665388009543,FALSE,"up",1,FALSE,TRUE,FALSE,TRUE,FALSE,TRUE,3
"IK_GHCZAUBVMUEKKP-GYPHWSFCSA-N",48.0650963091933,TRUE,"up",2,FALSE,TRUE,FALSE,TRUE,TRUE,TRUE,4
"IK_AGPIOXWTGKGPPK-UHFFFAOYSA-N",48.0644167516496,FALSE,"up",1,FALSE,TRUE,FALSE,FALSE,FALSE,TRUE,2
"IK_VMEHOTODTPXCKT-RXMQYKEDSA-N",48.0559285544308,FALSE,"up",1,FALSE,TRUE,FALSE,FALSE,TRUE,TRUE,3
"IK_YIGARKIIFOHVPF-CNUVFPMCSA-N",48.045436291294,FALSE,"up",1,FALSE,TRUE,TRUE,FALSE,FALSE,TRUE,3
"IK_JEIZLWNUBXHADF-UHFFFAOYSA-N",48.0453183079073,FALSE,"down",1,FALSE,TRUE,TRUE,FALSE,FALSE,TRUE,3
"IK_PBGMJEFISXYLCY-UHFFFAOYSA-N",48.0240978148602,FALSE,"up",1,FALSE,TRUE,TRUE,FALSE,FALSE,TRUE,3
"IK_QQCSUWGQBREWRO-XDJHFCHBSA-N",48.0113655190319,FALSE,"down",1,FALSE,TRUE,FALSE,FALSE,FALSE,TRUE,2
"IK_YTMBNLHIDIKJIU-HCXYKTFWSA-N",48.0007552725084,FALSE,"up",1,FALSE,TRUE,FALSE,FALSE,FALSE,TRUE,2
"IK_IDYRXWOMWZHWEO-UHFFFAOYSA-N",47.9901450259849,FALSE,"down",1,FALSE,TRUE,FALSE,FALSE,FALSE,TRUE,2
"IK_SKLQABVRGGRTIT-UHFFFAOYSA-N",47.9689245329378,FALSE,"up",1,FALSE,TRUE,FALSE,FALSE,FALSE,TRUE,2
"IK_LYFMZJCIGLZMJF-IRSYNFPBSA-N",47.9604363357189,FALSE,"down",1,FALSE,TRUE,TRUE,FALSE,FALSE,TRUE,3
"IK_XOHUEYCVLUUEJJ-UHFFFAOYSA-N",47.9531579266248,FALSE,"down",1,FALSE,TRUE,FALSE,FALSE,FALSE,TRUE,2
"IK_LNJNFVJKDJYTEU-UHFFFAOYSA-N",47.9498260891954,FALSE,"up",1,FALSE,TRUE,FALSE,FALSE,TRUE,TRUE,3
"IK_FAUYAENFVCNTAL-PFFNLMTBSA-N",47.9392158426718,FALSE,"down",1,FALSE,TRUE,TRUE,FALSE,FALSE,TRUE,3
"IK_BWEICTHJUIJQPH-UHFFFAOYSA-N",47.9370937933671,FALSE,"up",1,FALSE,TRUE,FALSE,FALSE,FALSE,TRUE,2
"IK_HRLQZTOIKWEZBN-UHFFFAOYSA-N",47.9264835468436,FALSE,"up",1,FALSE,TRUE,FALSE,FALSE,FALSE,TRUE,2
"IK_UGQMRVRMYYASKQ-UHTZMRCNSA-N",47.9052630537965,FALSE,"down",1,FALSE,TRUE,FALSE,FALSE,FALSE,TRUE,2
"IK_IHFRBIZNQISAFK-JTQLQIEISA-N",47.894652807273,FALSE,"up",1,FALSE,TRUE,FALSE,FALSE,FALSE,TRUE,2
"IK_DOFAQXCYFQKSHT-SRVKXCTJSA-N",47.8745142126543,FALSE,"up",1,FALSE,TRUE,TRUE,FALSE,FALSE,TRUE,3
"IK_SCULJPGYOQQXTK-OLRINKBESA-N",47.864944117007,FALSE,"up",1,FALSE,TRUE,FALSE,FALSE,TRUE,TRUE,3
"IK_JRLGPAXAGHMNOL-LURJTMIESA-N",47.8564559197882,FALSE,"up",1,FALSE,TRUE,FALSE,TRUE,TRUE,TRUE,4
"IK_AEAMHDRXCYEOCU-HTDYWKJCSA-N",47.8543338704835,FALSE,"down",1,FALSE,TRUE,TRUE,FALSE,FALSE,TRUE,3
"IK_GTDWNYZZRCJYOX-HBZIWDQGSA-N",47.8516116535549,FALSE,"up",1,FALSE,TRUE,FALSE,FALSE,FALSE,TRUE,2
"IK_QEFRNWWLZKMPFJ-YGVKFDHGSA-N",47.8451909485174,FALSE,"up",2,FALSE,TRUE,FALSE,TRUE,TRUE,TRUE,4
"IK_LZFOPEXOUVTGJS-ONEGZZNKSA-N",47.8225031309129,FALSE,"up",1,FALSE,TRUE,FALSE,FALSE,TRUE,TRUE,3
"IK_QRMZSPFSDQBLIX-UHFFFAOYSA-N",47.818144355903,FALSE,"up",1,FALSE,TRUE,FALSE,FALSE,TRUE,TRUE,3
"IK_GGPJLVOSJQOJSN-UHFFFAOYSA-N",47.8022097467853,FALSE,"up",1,FALSE,TRUE,TRUE,FALSE,FALSE,TRUE,3
"IK_DKXXSIJHWWVNMO-RJVKTHQKSA-N",47.8012826378658,FALSE,"up",1,FALSE,TRUE,FALSE,TRUE,FALSE,TRUE,3
"IK_MMAFNNBLJJXUCU-UHFFFAOYSA-N",47.7991605885611,FALSE,"down",1,FALSE,TRUE,FALSE,FALSE,FALSE,TRUE,2
"IK_UAKTZILOYPPNCD-UHFFFAOYSA-N",47.7885503420375,FALSE,"up",1,FALSE,TRUE,FALSE,FALSE,FALSE,TRUE,2
"IK_QCPDBEXGCHOIDE-ZPUAQPQFSA-N",47.777940095514,FALSE,"up",1,FALSE,TRUE,FALSE,FALSE,FALSE,TRUE,2
"IK_YRKZDONPVFEWNN-HBCPYPPXSA-N",47.7567196024669,FALSE,"up",1,FALSE,TRUE,FALSE,FALSE,FALSE,TRUE,2
"IK_DFELABABMXOKTD-IYFIADHGSA-N",47.7376211587245,FALSE,"down",1,FALSE,TRUE,TRUE,FALSE,FALSE,TRUE,3
"IK_SXQFCVDSOLSHOQ-UHFFFAOYSA-N",47.7225510119674,FALSE,"up",1,FALSE,TRUE,FALSE,FALSE,FALSE,TRUE,2
"IK_IJTJDJOOHZVSAC-NDRUHXFFSA-N",47.7198581474583,TRUE,"up",2,FALSE,TRUE,FALSE,FALSE,FALSE,TRUE,2
"IK_ZMJBYMUCKBYSCP-CVYQJGLWSA-N",47.7177810278465,FALSE,"down",1,FALSE,TRUE,FALSE,FALSE,FALSE,TRUE,2
"IK_GRQPGTWGEQWMMM-IUXPMGMMSA-N",47.7142786163727,FALSE,"up",1,FALSE,TRUE,FALSE,FALSE,FALSE,TRUE,2
"IK_RBKMMJSQKNKNEV-RITPCOANSA-N",47.6951801726303,FALSE,"down",1,FALSE,TRUE,FALSE,FALSE,TRUE,TRUE,3
"IK_XZAFZXJXZHRNAQ-STQMWFEESA-N",47.6930581233256,FALSE,"up",1,FALSE,TRUE,FALSE,FALSE,FALSE,TRUE,2
"IK_FVSDTYGQCVACMH-UFEDUZHUSA-N",47.6892420028666,FALSE,"up",1,FALSE,TRUE,FALSE,TRUE,FALSE,TRUE,3
"IK_DQJWAJBJWZYKLK-UHFFFAOYSA-N",47.6845699261068,FALSE,"down",1,FALSE,TRUE,TRUE,FALSE,FALSE,TRUE,3
"IK_NBIIXXVUZAFLBC-UHFFFAOYSA-K",47.6755579612113,FALSE,"up",2,FALSE,TRUE,FALSE,FALSE,TRUE,TRUE,3
"IK_UCPOMLWZWRTIAA-UHFFFAOYSA-N",47.6739596795832,FALSE,"up",1,FALSE,TRUE,FALSE,TRUE,FALSE,TRUE,3
"IK_LILYSWSASVONIC-UHFFFAOYSA-N",47.6718376302785,FALSE,"up",1,FALSE,TRUE,FALSE,FALSE,FALSE,TRUE,2
"IK_ZOJBYZNEUISWFT-UHFFFAOYSA-N",47.6633494330597,FALSE,"down",1,FALSE,TRUE,FALSE,FALSE,TRUE,TRUE,3
"IK_NGHNCQYFTPFRAD-UHFFFAOYSA-N",47.661227383755,FALSE,"up",1,FALSE,TRUE,FALSE,FALSE,FALSE,TRUE,2
"IK_ODHCTXKNWHHXJC-GSVOUGTGSA-N",47.6506171372315,FALSE,"up",1,FALSE,TRUE,FALSE,FALSE,FALSE,TRUE,2
"IK_UQDJGEHQDNVPGU-UHFFFAOYSA-N",47.6400068907079,FALSE,"up",1,FALSE,TRUE,FALSE,FALSE,FALSE,TRUE,2
"IK_CFORBWCMGILWNN-RRHRGVEJSA-O",47.630488281439,FALSE,"up",1,FALSE,TRUE,FALSE,FALSE,FALSE,TRUE,2
"IK_CDAWCLOXVUBKRW-UHFFFAOYSA-N",47.6302882751131,FALSE,"up",1,FALSE,TRUE,TRUE,FALSE,TRUE,TRUE,4
"IK_YRXIDKUVBPMNRA-YTOKZNHUSA-N",47.6209084469655,FALSE,"down",1,FALSE,TRUE,FALSE,FALSE,TRUE,TRUE,3
"IK_BBJIPMIXTXKYLZ-UHFFFAOYSA-N",47.5890777073949,FALSE,"up",1,FALSE,TRUE,FALSE,FALSE,TRUE,TRUE,3
"IK_KHLRCNXJXSYNCK-ZIEHFRHMSA-N",47.5784674608714,FALSE,"down",1,FALSE,TRUE,TRUE,FALSE,FALSE,TRUE,3
"IK_UYKREHOKELZSPB-JTQLQIEISA-N",47.5551249185196,FALSE,"up",1,FALSE,TRUE,FALSE,FALSE,FALSE,TRUE,2
"IK_ZKMZBAABQFUXFE-UHFFFAOYSA-O",47.5339044254725,FALSE,"up",1,FALSE,TRUE,FALSE,FALSE,FALSE,TRUE,2
"IK_VQZRLBWPEHFGCD-UHFFFAOYSA-N",47.520780683656,FALSE,"up",1,FALSE,TRUE,TRUE,FALSE,FALSE,TRUE,3
"IK_RXKSKZZAOIRFLK-UQYDIMRYSA-N",47.5041957352066,FALSE,"down",1,FALSE,TRUE,TRUE,FALSE,FALSE,TRUE,3
"IK_BGSCNPOVJFBBAQ-UHFFFAOYSA-N",47.5020736859019,FALSE,"up",1,FALSE,TRUE,FALSE,FALSE,FALSE,TRUE,2
"IK_GVZYULOAWBVSSF-LKECMMOOSA-N",47.493585488683,FALSE,"down",1,FALSE,TRUE,TRUE,FALSE,FALSE,TRUE,3
"IK_SVXOFPLAAYAGIG-NDDGLTBUSA-N",47.4914634393783,FALSE,"up",1,FALSE,TRUE,FALSE,FALSE,FALSE,TRUE,2
"IK_GFNYAPAJUNPMGH-QNEBEIHSSA-N",47.4866967841469,TRUE,"down",2,FALSE,TRUE,FALSE,FALSE,FALSE,TRUE,2
"IK_KDXKERNSBIXSRK-YFKPBYRVSA-N",47.4844836180854,FALSE,"up",2,FALSE,TRUE,TRUE,TRUE,TRUE,TRUE,5
"IK_ZJIJDTZEEABZPM-PUFJAHBCSA-N",47.4829752421595,FALSE,"up",1,FALSE,TRUE,TRUE,FALSE,FALSE,TRUE,3
"IK_CLGNQAIRBLDHIN-UHFFFAOYSA-N",47.4808531928548,FALSE,"up",1,FALSE,TRUE,FALSE,FALSE,FALSE,TRUE,2
"IK_ZKTMLINFIQCERN-QGZVFWFLSA-O",47.4723649956359,FALSE,"up",1,FALSE,TRUE,FALSE,FALSE,TRUE,TRUE,3
"IK_IBQZIPBWWJOUDZ-UHFFFAOYSA-N",47.4596326998077,FALSE,"down",1,FALSE,TRUE,FALSE,FALSE,FALSE,TRUE,2
"IK_JNMDCUOOYCRSIP-WLFVLELZSA-N",47.4497567586607,FALSE,"up",1,FALSE,TRUE,TRUE,FALSE,FALSE,TRUE,3
"IK_PYGSKMBEVAICCR-UHFFFAOYSA-N",47.4405342560653,FALSE,"down",1,FALSE,TRUE,FALSE,FALSE,TRUE,TRUE,3
"IK_ZCTWMWAMUYXALL-WLGWGOQCSA-N",47.4193137630182,FALSE,"down",1,FALSE,TRUE,TRUE,FALSE,FALSE,TRUE,3
"IK_VLIJZYIABFUKFN-JZELYBSLSA-N",47.4155194333599,FALSE,"down",1,FALSE,TRUE,FALSE,FALSE,FALSE,TRUE,2
"IK_VQPVVWAFTIFKDD-LURJTMIESA-N",47.3980932699711,FALSE,"up",1,FALSE,TRUE,FALSE,FALSE,TRUE,TRUE,3
"IK_DHUAGGSHTKPOHU-UHFFFAOYSA-N",47.3853609741429,FALSE,"up",1,FALSE,TRUE,FALSE,FALSE,FALSE,TRUE,2
"IK_JYPHNHPXFNEZBR-UHFFFAOYSA-N",47.3768727769241,FALSE,"up",1,FALSE,TRUE,FALSE,FALSE,TRUE,TRUE,3
"IK_HPEUJPJOZXNMSJ-UHFFFAOYSA-N",47.3668131577231,FALSE,"down",1,FALSE,TRUE,FALSE,FALSE,TRUE,TRUE,3
"IK_SPJAGILXQBHHSZ-UHFFFAOYSA-N",47.3641404810958,FALSE,"down",1,FALSE,TRUE,FALSE,FALSE,FALSE,TRUE,2
"IK_DRIVXEVMDWCWLI-CAQMIEAISA-N",47.355652283877,FALSE,"down",1,FALSE,TRUE,TRUE,FALSE,FALSE,TRUE,3
"IK_RTLULCVBFCRQKI-UHFFFAOYSA-N",47.3535302345723,FALSE,"down",1,FALSE,TRUE,FALSE,FALSE,FALSE,TRUE,2
"IK_DOVMKWVMZQLOPP-CRYQCFGISA-N",47.3450420373534,FALSE,"down",1,FALSE,TRUE,TRUE,FALSE,FALSE,TRUE,3
"IK_PLNJUBIUGVATKW-SNAWJCMRSA-N",47.3429199880487,FALSE,"down",1,FALSE,TRUE,FALSE,FALSE,FALSE,TRUE,2
"IK_JTMOPWCKHAGCNW-UHFFFAOYSA-N",47.3297539157818,FALSE,"down",1,FALSE,TRUE,TRUE,FALSE,FALSE,TRUE,3
"IK_CXMXRPHRNRROMY-UHFFFAOYSA-N",47.3103683377279,FALSE,"up",3,FALSE,TRUE,FALSE,TRUE,TRUE,TRUE,4
"IK_UILPJVPSNHJFIK-UHFFFAOYSA-N",47.3026010512593,FALSE,"up",1,FALSE,TRUE,FALSE,FALSE,TRUE,TRUE,3
"IK_XZZMJRBYVRSAOS-UHFFFAOYSA-N",47.3004790019545,FALSE,"up",1,FALSE,TRUE,FALSE,FALSE,FALSE,TRUE,2
"IK_LRKCBIUDWAXNEG-CSMHCCOUSA-N",47.2802779793078,FALSE,"up",1,FALSE,TRUE,FALSE,FALSE,FALSE,TRUE,2
"IK_OPXYKICHKIQGOV-UPHRSURJSA-N",47.2792585089075,FALSE,"down",1,FALSE,TRUE,FALSE,FALSE,FALSE,TRUE,2
"IK_BIUULCNWWFDCPG-UHFFFAOYSA-N",47.2707703116886,FALSE,"up",1,FALSE,TRUE,FALSE,FALSE,TRUE,TRUE,3
"IK_MIAKOEWBCMPCQR-GCHJQGSQSA-N",47.2262072762897,FALSE,"down",1,FALSE,TRUE,FALSE,FALSE,FALSE,TRUE,2
"IK_KOAPDMKKECXPHX-UHFFFAOYSA-N",47.2155970297662,FALSE,"up",1,FALSE,TRUE,FALSE,FALSE,FALSE,TRUE,2
"IK_PFDUUKDQEHURQC-UHFFFAOYSA-N",47.2100648854376,FALSE,"up",3,FALSE,TRUE,FALSE,FALSE,FALSE,TRUE,2
"IK_OVMSOCFBDVBLFW-VHLOTGQHSA-N",47.2092308818521,FALSE,"down",1,FALSE,TRUE,FALSE,TRUE,TRUE,TRUE,4
"IK_ZIMMPNSGYHHAIF-MNIDJLETSA-N",47.2071088325474,FALSE,"up",1,FALSE,TRUE,TRUE,FALSE,FALSE,TRUE,3
"IK_MQIUGAXCHLFZKX-UHFFFAOYSA-N",47.1858883395003,FALSE,"up",1,FALSE,TRUE,FALSE,FALSE,TRUE,TRUE,3
"IK_HDFGOPSGAURCEO-UHFFFAOYSA-N",47.1752780929767,FALSE,"down",1,FALSE,TRUE,FALSE,FALSE,TRUE,TRUE,3
"NO_INCHIKEY__pl",47.1625457971485,FALSE,"up",1,FALSE,TRUE,FALSE,FALSE,TRUE,FALSE,2
"IK_QZIYZVFIROFZCV-UHFFFAOYSA-N",47.1519355506249,FALSE,"up",1,FALSE,TRUE,FALSE,FALSE,FALSE,TRUE,2
"IK_ATROHALUCMTWTB-UHFFFAOYSA-N",47.1434473534061,FALSE,"up",1,FALSE,TRUE,FALSE,FALSE,TRUE,TRUE,3
"IK_COZMNNJEGNPDED-HOCLYGCPSA-N",47.1413253041014,FALSE,"up",1,FALSE,TRUE,FALSE,FALSE,FALSE,TRUE,2
"IK_BPYKTIZUTYGOLE-KDUUSRDASA-N",47.122226860359,FALSE,"down",1,FALSE,TRUE,FALSE,TRUE,FALSE,TRUE,3
"IK_DKEXFJVMVGETOO-UHFFFAOYSA-N",47.1201048110543,FALSE,"up",1,FALSE,TRUE,FALSE,FALSE,FALSE,TRUE,2
"IK_XVZCREABAODILQ-UHFFFAOYSA-N",47.1169231578836,FALSE,"down",1,FALSE,TRUE,TRUE,FALSE,FALSE,TRUE,3
"IK_YOEBAVRJHRCKRE-UHFFFAOYSA-N",47.1094945645308,FALSE,"up",1,FALSE,TRUE,FALSE,FALSE,FALSE,TRUE,2
"IK_KSGZCKSNTAJOJS-DZBMUNJRSA-N",47.1010063673119,FALSE,"up",1,FALSE,TRUE,FALSE,FALSE,TRUE,TRUE,3
"IK_JVTAAEKCZFNVCJ-UWTATZPHSA-N",47.0925181700931,FALSE,"up",1,FALSE,TRUE,FALSE,TRUE,TRUE,TRUE,4
"IK_NNNVXFKZMRGJPM-KHPPLWFESA-N",47.0903961207884,FALSE,"up",1,FALSE,TRUE,FALSE,FALSE,TRUE,TRUE,3
"IK_MBJLYSAPIVPYNP-CLFYSBASSA-N",47.0882740714837,FALSE,"up",1,FALSE,TRUE,FALSE,FALSE,FALSE,TRUE,2
"IK_QWRYPHZJTWQLFX-UHFFFAOYSA-N",47.0639436785935,FALSE,"down",1,FALSE,TRUE,FALSE,FALSE,FALSE,TRUE,2
"IK_SMQAUVNNWONFCH-ULUSZKPHSA-N",47.0564433319131,FALSE,"up",1,FALSE,TRUE,FALSE,FALSE,FALSE,TRUE,2
"IK_HCFRWBBJISAZNK-UHFFFAOYSA-N",47.0246125923424,FALSE,"down",1,FALSE,TRUE,FALSE,FALSE,FALSE,TRUE,2
"IK_ZWRRJEICIPUPHZ-UHFFFAOYSA-N",47.0140023458189,FALSE,"up",1,FALSE,TRUE,FALSE,FALSE,FALSE,TRUE,2
"IK_CBDKQYKMCICBOF-UHFFFAOYSA-N",47.0033920992953,FALSE,"up",1,FALSE,TRUE,FALSE,FALSE,FALSE,TRUE,2
"IK_XUSYGBPHQBWGAD-PJSUUKDQSA-N",46.984293655553,FALSE,"up",1,FALSE,TRUE,FALSE,FALSE,TRUE,TRUE,3
"IK_KTLRWTOPTKGYQY-UHFFFAOYSA-N",46.9579225573974,FALSE,"down",1,FALSE,TRUE,TRUE,FALSE,FALSE,TRUE,3
"IK_RFDAIACWWDREDC-FRVQLJSFSA-N",46.9567070145918,FALSE,"up",1,FALSE,TRUE,TRUE,TRUE,TRUE,TRUE,5
"IK_JLPUXFOGCDVKGO-TUAOUCFPSA-N",46.9418526694588,FALSE,"up",1,FALSE,TRUE,FALSE,FALSE,TRUE,TRUE,3
"IK_IKBKWHISHDVLNO-UHFFFAOYSA-N",46.9312424229353,FALSE,"down",1,FALSE,TRUE,FALSE,TRUE,FALSE,TRUE,3
"IK_KSUBHIPBMPOXPG-FEBLJDHQSA-N",46.9100219298882,FALSE,"down",1,FALSE,TRUE,TRUE,FALSE,FALSE,TRUE,3
"IK_RIJDKRLRDVBUHJ-UHFFFAOYSA-N",46.8994116833646,FALSE,"up",1,FALSE,TRUE,FALSE,TRUE,FALSE,TRUE,3
"IK_CGFRVKXGZRODPA-UHFFFAOYSA-N",46.8654588944893,FALSE,"down",1,FALSE,TRUE,FALSE,FALSE,FALSE,TRUE,2
"IK_BKNQGBKAJUUPBQ-SPMSPBIZSA-N",46.8569706972704,FALSE,"down",1,FALSE,TRUE,FALSE,TRUE,FALSE,TRUE,3
"IK_IFBAQPJUVKRGOW-VXPUYCOJSA-N",46.8463604507469,FALSE,"down",1,FALSE,TRUE,TRUE,FALSE,FALSE,TRUE,3
"IK_VNRLQDGXGABKPC-UHFFFAOYSA-N",46.8442384014422,FALSE,"up",1,FALSE,TRUE,FALSE,FALSE,FALSE,TRUE,2
"IK_IFNXFIJXYVEYLF-UHFFFAOYSA-N",46.8251399576998,FALSE,"down",1,FALSE,TRUE,FALSE,FALSE,TRUE,TRUE,3
"IK_OALYTRUKMRCXNH-UHFFFAOYSA-N",46.8145297111763,FALSE,"up",1,FALSE,TRUE,FALSE,FALSE,TRUE,TRUE,3
"IK_YACHGFWEQXFSBS-XYERBDPFSA-N",46.8124076618716,FALSE,"up",1,FALSE,TRUE,FALSE,FALSE,FALSE,TRUE,2
"IK_OTCCIMWXFLJLIA-BYPYZUCNSA-N",46.7945415518865,FALSE,"down",1,FALSE,TRUE,FALSE,FALSE,FALSE,TRUE,2
"IK_SGZFJWQQBHYNNF-UHFFFAOYSA-N",46.7933092181292,FALSE,"down",1,FALSE,TRUE,FALSE,FALSE,TRUE,TRUE,3
"NO_INCHIKEY__bile acid or lovastatin",46.7890651195198,FALSE,"down",1,FALSE,TRUE,FALSE,FALSE,FALSE,FALSE,1
"IK_NHZMQXZHNVQTQA-UHFFFAOYSA-N",46.782933994581,FALSE,"up",1,FALSE,TRUE,TRUE,TRUE,TRUE,TRUE,5
"IK_MNNKFDDWOSVWJL-JAWFKQLMSA-N",46.7826989716056,FALSE,"down",1,FALSE,TRUE,TRUE,FALSE,FALSE,TRUE,3
"IK_AODPIQQILQLWGS-GXBDJPPSSA-N",46.7742107743868,FALSE,"up",1,FALSE,TRUE,FALSE,TRUE,TRUE,TRUE,4
"IK_IJPNDQQOKFKBRG-ZPZYUIKSSA-N",46.7720887250821,FALSE,"up",1,FALSE,TRUE,FALSE,FALSE,TRUE,TRUE,3
"IK_FFVIWPKOCWPZMF-UHFFFAOYSA-N",46.7699666757774,FALSE,"up",1,FALSE,TRUE,FALSE,FALSE,FALSE,TRUE,2
"IK_LJIFHMULTXIFNU-KAMIUYGRSA-N",46.7614784785586,FALSE,"down",1,FALSE,TRUE,TRUE,FALSE,FALSE,TRUE,3
"IK_VJSBNBBOSZJDKB-KPEYJIHVSA-N",46.7214632042259,FALSE,"up",1,FALSE,TRUE,TRUE,TRUE,FALSE,TRUE,4
"IK_MFPOOPOMQXUMBS-RWMKFOTHSA-N",46.7190374924644,FALSE,"down",1,FALSE,TRUE,TRUE,FALSE,FALSE,TRUE,3
"IK_IRHVLQMEQPABHG-QUZWXNHXSA-N",46.7084272459408,FALSE,"up",1,FALSE,TRUE,FALSE,FALSE,TRUE,TRUE,3
"IK_RXNXODTWPQTIHO-ZETCQYMHSA-N",46.6956949501126,FALSE,"up",1,FALSE,TRUE,FALSE,FALSE,FALSE,TRUE,2
"IK_KVBGVZZKJNLNJU-UHFFFAOYSA-M",46.6923944414073,FALSE,"up",1,FALSE,TRUE,FALSE,FALSE,FALSE,TRUE,2
"IK_GIUIHRRGPBPUAO-UHFFFAOYSA-N",46.6891092798566,FALSE,"up",1,FALSE,TRUE,FALSE,FALSE,FALSE,TRUE,2
"IK_DVXZVCNEGRKLMW-RPGUUIFVSA-N",46.6681083091514,FALSE,"up",1,FALSE,TRUE,FALSE,TRUE,TRUE,TRUE,4
"IK_SNDPXSYFESPGGJ-UHFFFAOYSA-N",46.663864210542,FALSE,"up",1,FALSE,TRUE,FALSE,FALSE,FALSE,TRUE,2
"IK_VZQRMZUULSWEHB-XCFXQIAYSA-N",46.661906422283,FALSE,"down",1,FALSE,TRUE,TRUE,FALSE,FALSE,TRUE,3
"IK_LSFLNLHTOKKPHT-UHFFFAOYSA-N",46.6532539640184,FALSE,"down",1,FALSE,TRUE,FALSE,FALSE,FALSE,TRUE,2
"IK_VZCYOOQTPOCHFL-UPHRSURJSA-N",46.6468878161043,FALSE,"up",1,FALSE,TRUE,FALSE,TRUE,TRUE,TRUE,4
"IK_NCEQLLNVRRTCKJ-UHFFFAOYSA-N",46.6320334709713,FALSE,"up",1,FALSE,TRUE,FALSE,FALSE,FALSE,TRUE,2
"IK_UGGHNDGDVCUWQX-WDSKDSINSA-N",46.6214232244478,FALSE,"down",1,FALSE,TRUE,FALSE,FALSE,FALSE,TRUE,2
"IK_LEHOTFFKMJEONL-UHFFFAOYSA-N",46.6194501389112,FALSE,"up",3,FALSE,TRUE,TRUE,FALSE,TRUE,TRUE,4
"IK_UHQGCIIQUZBJAE-RRQVMCLOSA-N",46.612935027229,FALSE,"down",1,FALSE,TRUE,FALSE,FALSE,TRUE,TRUE,3
"IK_LPIOYESQKJFWPQ-UHFFFAOYSA-N",46.6108129779243,FALSE,"up",1,FALSE,TRUE,FALSE,FALSE,FALSE,TRUE,2
"IK_KTCOGEGNUCOCON-UHFFFAOYSA-N",46.5895924848772,FALSE,"down",1,FALSE,TRUE,FALSE,FALSE,FALSE,TRUE,2
"IK_HQUSKUTUDDZKOD-UTOMUYHSSA-N",46.5704940411348,FALSE,"up",1,FALSE,TRUE,FALSE,FALSE,TRUE,TRUE,3
"IK_DHHREGPDDQTYPB-UNRGBGOYSA-N",46.5640489211554,FALSE,"down",1,FALSE,TRUE,TRUE,FALSE,FALSE,TRUE,3
"IK_PPFRJNLKWADOTL-WOGJWQOOSA-N",46.5492735480877,FALSE,"up",1,FALSE,TRUE,FALSE,TRUE,FALSE,TRUE,3
"IK_KUHFPGIVBOCRMV-MNXVOIDGSA-N",46.547151498783,FALSE,"down",1,FALSE,TRUE,FALSE,FALSE,FALSE,TRUE,2
"IK_OHLQBKZXSJYBMK-UHFFFAOYSA-N",46.5386633015642,FALSE,"down",1,FALSE,TRUE,FALSE,TRUE,FALSE,TRUE,3
"IK_AOCBVTCNGCHPPQ-UHFFFAOYSA-N",46.5365412522594,FALSE,"down",1,FALSE,TRUE,FALSE,FALSE,FALSE,TRUE,2
"IK_GFYLSDSUCHVORB-IOSLPCCCSA-N",46.5301751043453,FALSE,"up",1,FALSE,TRUE,TRUE,FALSE,TRUE,TRUE,4
"IK_XJGBDJOMWKAZJS-UHFFFAOYSA-N",46.5280530550406,FALSE,"up",1,FALSE,TRUE,FALSE,FALSE,TRUE,TRUE,3
"IK_FMXVFWDIAZJILA-UHFFFAOYSA-N",46.5174428085171,FALSE,"up",1,FALSE,TRUE,FALSE,TRUE,FALSE,TRUE,3
"IK_ZZUMXQCSMJCDDC-DFQOQHGMSA-N",46.5153207592124,FALSE,"down",1,FALSE,TRUE,FALSE,FALSE,FALSE,TRUE,2
"IK_GJBXIPOYHVMPQJ-UHFFFAOYSA-N",46.5108037294864,FALSE,"down",1,FALSE,TRUE,FALSE,FALSE,TRUE,TRUE,3
"IK_ZDHCZVWCTKTBRY-UHFFFAOYSA-N",46.5068325619935,FALSE,"up",1,FALSE,TRUE,FALSE,FALSE,TRUE,TRUE,3
"IK_VGSUMLIRUGDCTF-NSMRCOLJSA-N",46.4856120689464,FALSE,"down",1,FALSE,TRUE,TRUE,FALSE,FALSE,TRUE,3
"IK_KZNQNBZMBZJQJO-RXMQYKEDSA-N",46.4838038744973,FALSE,"down",1,FALSE,TRUE,FALSE,TRUE,FALSE,TRUE,3
"IK_HVLXXQDJGPKVMK-NCVKUBNTSA-N",46.4771238717276,FALSE,"up",1,FALSE,TRUE,FALSE,TRUE,TRUE,TRUE,4
"IK_WFTPSUGFEZHCGU-UHFFFAOYSA-N",46.4750018224229,FALSE,"down",1,FALSE,TRUE,FALSE,FALSE,TRUE,TRUE,3
"IK_KXSPLNAXPMVUEC-NCOIDOBVSA-N",46.4732737659724,FALSE,"down",1,FALSE,TRUE,TRUE,TRUE,FALSE,TRUE,4
"IK_HQIDPEYTETUCNF-XVFCMESISA-N",46.4643915758994,FALSE,"up",1,FALSE,TRUE,FALSE,FALSE,TRUE,TRUE,3
"IK_PEDCQBHIVMGVHV-UHFFFAOYSA-N",46.4577735706845,FALSE,"up",2,FALSE,TRUE,TRUE,TRUE,TRUE,TRUE,5
"IK_MRBKEAMVRSLQPH-UHFFFAOYSA-N",46.4431710828523,FALSE,"up",1,FALSE,TRUE,FALSE,FALSE,TRUE,TRUE,3
"IK_GQIJYUMTOUBHSH-IJIVKGSJSA-N",46.4410490335476,FALSE,"down",1,FALSE,TRUE,FALSE,FALSE,FALSE,TRUE,2
"IK_YMYQEDCYNANIPI-PBLJWRMESA-N",46.4264260531474,FALSE,"up",1,FALSE,TRUE,FALSE,FALSE,FALSE,TRUE,2
"IK_XBGIMYLOTRDXPK-AGXIJRPPSA-N",46.4113403432817,FALSE,"up",1,FALSE,TRUE,TRUE,FALSE,FALSE,TRUE,3
"IK_WHMOBEGYTDWMIG-BSWAIDMHSA-N",46.4092182939769,FALSE,"up",1,FALSE,TRUE,FALSE,FALSE,FALSE,TRUE,2
"IK_KRNYOVHEKOBTEF-YUMQZZPRSA-N",46.3943269339038,FALSE,"down",1,FALSE,TRUE,FALSE,TRUE,FALSE,TRUE,3
"IK_MDCGEAGEQVMWPE-AATRIKPKSA-N",46.3901198502346,FALSE,"up",1,FALSE,TRUE,FALSE,FALSE,TRUE,TRUE,3
"IK_LRTCKJJOUNZFDD-DBHIXKHWSA-N",46.379509603711,FALSE,"up",1,FALSE,TRUE,TRUE,FALSE,FALSE,TRUE,3
"IK_HOSWPDPVFBCLSY-VKHMYHEASA-N",46.3773875544063,FALSE,"up",1,FALSE,TRUE,FALSE,FALSE,FALSE,TRUE,2
"IK_VLFJNHPNIOTOOA-YMIVKDKMSA-N",46.3688993571875,FALSE,"up",1,FALSE,TRUE,TRUE,FALSE,FALSE,TRUE,3
"IK_XYFFWTYOFPSZRM-TWNAANEASA-N",46.3667773078828,FALSE,"up",1,FALSE,TRUE,FALSE,FALSE,FALSE,TRUE,2
"IK_BTNMPGBKDVTSJY-UHFFFAOYSA-N",46.3582891106639,FALSE,"down",1,FALSE,TRUE,FALSE,FALSE,TRUE,TRUE,3
"IK_NGPDZEACIWDCKX-WUDKWMPASA-N",46.3476788641404,FALSE,"down",1,FALSE,TRUE,FALSE,FALSE,TRUE,TRUE,3
"IK_OVBOQVAIYMSUDT-HRYGCDPOSA-N",46.3455568148357,FALSE,"down",1,FALSE,TRUE,FALSE,FALSE,FALSE,TRUE,2
"IK_VVEULVVIJNQTMD-OJZQPWLLSA-N",46.3370686176169,FALSE,"down",1,FALSE,TRUE,TRUE,FALSE,FALSE,TRUE,3
"IK_WJHRAVIQWFQMKF-UHFFFAOYSA-N",46.3158481245698,FALSE,"up",1,FALSE,TRUE,FALSE,TRUE,FALSE,TRUE,3
"IK_PIUZYOCNZPYXOA-ZHHJOTBYSA-N",46.3031158287415,FALSE,"down",1,FALSE,TRUE,FALSE,FALSE,FALSE,TRUE,2
"IK_HGXBRUKMWQGOIE-NSMLZSOPSA-N",46.2840173849991,FALSE,"down",1,FALSE,TRUE,FALSE,FALSE,TRUE,TRUE,3
"IK_XXZPYJHULCBZPT-UHFFFAOYSA-N",46.2712850891709,FALSE,"down",1,FALSE,TRUE,FALSE,FALSE,FALSE,TRUE,2
"IK_RPSLZGPKLQLZGH-UHFFFAOYSA-N",46.2521866454285,FALSE,"up",1,FALSE,TRUE,FALSE,FALSE,TRUE,TRUE,3
"IK_DLZPSAPMHALIOA-YNCVDBFYSA-N",46.241576398905,FALSE,"down",1,FALSE,TRUE,TRUE,FALSE,FALSE,TRUE,3
"IK_KWBQPGIYEZKDEG-FSPLSTOPSA-N",46.2288441030767,FALSE,"up",1,FALSE,TRUE,FALSE,FALSE,FALSE,TRUE,2
"IK_JHXAZBBVQSRKJR-BSZOFBHHSA-N",46.2233182220906,FALSE,"up",1,FALSE,TRUE,FALSE,FALSE,TRUE,TRUE,3
"IK_PAPBSGBWRJIAAV-UHFFFAOYSA-N",46.2203559058579,FALSE,"up",1,FALSE,TRUE,FALSE,FALSE,TRUE,TRUE,3
"IK_CWERGRDVMFNCDR-UHFFFAOYSA-N",46.2097456593343,FALSE,"up",1,FALSE,TRUE,FALSE,FALSE,TRUE,TRUE,3
"IK_DMNOQQUULVKPTE-UHFFFAOYSA-N",46.2076236100296,FALSE,"down",1,FALSE,TRUE,FALSE,FALSE,FALSE,TRUE,2
"IK_NNPWRKSGORGTIM-RCDCWWQHSA-N",46.2056158391922,FALSE,"up",1,FALSE,TRUE,FALSE,FALSE,FALSE,TRUE,2
"IK_GFXYTQPNNXGICT-YFKPBYRVSA-N",46.1991354128108,FALSE,"up",1,FALSE,TRUE,FALSE,FALSE,TRUE,TRUE,3
"IK_XZEUQPYAKYHAIW-SOFGYWHQSA-N",46.1864031169825,FALSE,"up",1,FALSE,TRUE,FALSE,FALSE,FALSE,TRUE,2
"IK_BOTWFXYSPFMFNR-PYDDKJGSSA-N",46.1779149197637,FALSE,"down",1,FALSE,TRUE,FALSE,FALSE,TRUE,TRUE,3
"IK_SWPMTVXRLXPNDP-MRVPVSSYSA-N",46.1779149197637,FALSE,"up",1,FALSE,TRUE,FALSE,FALSE,TRUE,TRUE,3
"IK_CBMYJHIOYJEBSB-JBDJBKRMSA-N",46.175792870459,FALSE,"up",1,FALSE,TRUE,FALSE,FALSE,FALSE,TRUE,2
"IK_BCPQOBQIVJZOFL-UHFFFAOYSA-N",46.1545723774119,FALSE,"up",1,FALSE,TRUE,FALSE,FALSE,FALSE,TRUE,2
"IK_QJGJXKFJFRSERW-QMMMGPOBSA-N",46.1439621308884,FALSE,"up",1,FALSE,TRUE,FALSE,FALSE,FALSE,TRUE,2
"IK_KPQMCAKZRXOZLB-KOIHBYQTSA-N",46.1354739336695,FALSE,"up",1,FALSE,TRUE,FALSE,FALSE,TRUE,TRUE,3
"IK_JKKCSFJSULZNDN-HGRQIUPRSA-N",46.124863687146,FALSE,"up",1,FALSE,TRUE,FALSE,FALSE,TRUE,TRUE,3
"IK_UTIRJVJBKWSIOX-SRMFCGEKSA-N",46.1227416378413,FALSE,"up",1,FALSE,TRUE,FALSE,FALSE,FALSE,TRUE,2
"IK_WZNJWVWKTVETCG-YFKPBYRVSA-N",46.1142534406224,FALSE,"up",1,FALSE,TRUE,FALSE,FALSE,TRUE,TRUE,3
"IK_ILHLUZUMRJQEAH-UHFFFAOYSA-N",46.1109797636277,FALSE,"up",1,FALSE,TRUE,FALSE,FALSE,TRUE,TRUE,3
"IK_KGCPGAKRLOCUEV-ZLXBYIIJSA-N",46.1065122705972,FALSE,"down",1,FALSE,TRUE,FALSE,FALSE,FALSE,TRUE,2
"IK_WSFWBZJRQNTKQQ-SNAWJCMRSA-N",46.1057652434036,FALSE,"down",1,FALSE,TRUE,FALSE,TRUE,TRUE,TRUE,4
"IK_VTXNIAJKDLEHGX-UHFFFAOYSA-N",46.1036431940989,FALSE,"down",1,FALSE,TRUE,FALSE,FALSE,TRUE,TRUE,3
"IK_GMBQZIIUCVWOCD-WWASVFFGSA-N",46.0728184067545,FALSE,"down",1,FALSE,TRUE,FALSE,FALSE,FALSE,TRUE,2
"IK_PLSQMGZYOGSOCE-XINAWCOVSA-N",46.0718124545283,FALSE,"up",1,FALSE,TRUE,FALSE,FALSE,TRUE,TRUE,3
"IK_RHQQHZQUAMFINJ-DTDWNVJFSA-N",46.0612022080047,FALSE,"up",1,FALSE,TRUE,FALSE,FALSE,TRUE,TRUE,3
"IK_LYMVXFSTACVOLP-UHFFFAOYSA-N",46.0590801587,FALSE,"up",1,FALSE,TRUE,FALSE,FALSE,FALSE,TRUE,2
"IK_MXRPNYMMDLFYDL-YFKPBYRVSA-N",46.0527140107859,FALSE,"down",1,FALSE,TRUE,FALSE,TRUE,TRUE,TRUE,4
"IK_NISPVUDLMHQFRQ-MKIKIEMVSA-N",46.0505919614812,FALSE,"down",1,FALSE,TRUE,FALSE,FALSE,TRUE,TRUE,3
"IK_GKZIWHRNKRBEOH-UHFFFAOYSA-N",46.0416008604384,FALSE,"up",2,FALSE,TRUE,FALSE,TRUE,FALSE,TRUE,3
"IK_OPEGYZAATHKDEM-HCWXCVPCSA-N",46.0399817149576,FALSE,"up",1,FALSE,TRUE,FALSE,FALSE,TRUE,TRUE,3
"IK_NIXOWILDQLNWCW-UHFFFAOYSA-N",46.0293714684341,FALSE,"up",1,FALSE,TRUE,FALSE,FALSE,TRUE,TRUE,3
"IK_BYVDUQYJIIPFIB-ZMOGYAJESA-N",46.0187612219106,FALSE,"down",1,FALSE,TRUE,FALSE,TRUE,FALSE,TRUE,3
"IK_LZRYNUIYHHQTRL-NBZVOYHKSA-N",46.0166391726059,FALSE,"up",1,FALSE,TRUE,FALSE,FALSE,FALSE,TRUE,2
"IK_WLJVXDMOQOGPHL-UHFFFAOYSA-N",45.9912966561494,FALSE,"up",2,FALSE,TRUE,FALSE,FALSE,TRUE,TRUE,3
"IK_XRHGYUZYPHTUJZ-UHFFFAOYSA-N",45.9869304823399,FALSE,"up",1,FALSE,TRUE,FALSE,FALSE,TRUE,TRUE,3
"IK_OROGUZVNAFJPHA-UHFFFAOYSA-N",45.9763202358164,FALSE,"down",1,FALSE,TRUE,FALSE,TRUE,FALSE,TRUE,3
"IK_RFPFIJOZVJJSSN-UHFFFAOYSA-N",45.9704526205902,FALSE,"down",1,FALSE,TRUE,TRUE,FALSE,FALSE,TRUE,3
"IK_ZAFDCAVLVDWCPI-UHFFFAOYSA-N",45.9635879399881,FALSE,"up",1,FALSE,TRUE,FALSE,FALSE,FALSE,TRUE,2
"IK_AXZGUCXCTZMPTR-UVGACIQRSA-N",45.9550997427693,FALSE,"down",1,FALSE,TRUE,TRUE,FALSE,FALSE,TRUE,3
"IK_CJGVDSGIQZDLDO-BMYWYRRPSA-N",45.9444894962458,FALSE,"up",1,FALSE,TRUE,TRUE,FALSE,FALSE,TRUE,3
"IK_HMVMFGNKDHVMJV-UHFFFAOYSA-N",45.9394404823828,FALSE,"down",1,FALSE,TRUE,FALSE,FALSE,FALSE,TRUE,2
"IK_CIKGWCTVFSRMJU-KVQBGUIXSA-N",45.9232690031987,FALSE,"down",1,FALSE,TRUE,FALSE,FALSE,TRUE,TRUE,3
"IK_KILNVBDSWZSGLL-UHFFFAOYSA-N",45.9126587566751,FALSE,"down",1,FALSE,TRUE,FALSE,TRUE,FALSE,TRUE,3
"IK_NNLLMULULOBXBY-PLNGDYQASA-N",45.9105367073704,FALSE,"up",1,FALSE,TRUE,FALSE,FALSE,FALSE,TRUE,2
"IK_GMXSGLCDVHHWIB-UHFFFAOYSA-N",45.9020485101516,FALSE,"up",1,FALSE,TRUE,TRUE,FALSE,FALSE,TRUE,3
"IK_RFMMMVDNIPUKGG-YFKPBYRVSA-N",45.891438263628,FALSE,"up",1,FALSE,TRUE,FALSE,FALSE,TRUE,TRUE,3
"IK_UDTWZFJEMMUFLC-NSHDSACASA-N",45.8893162143233,FALSE,"up",1,FALSE,TRUE,FALSE,FALSE,FALSE,TRUE,2
"IK_HOOOPXDSCKBLFG-MRVPVSSYSA-N",45.8723398198857,FALSE,"up",1,FALSE,TRUE,FALSE,TRUE,TRUE,TRUE,4
"IK_NGZXDRGWBULKFA-WUFINQPMSA-N",45.8574854747527,FALSE,"down",1,FALSE,TRUE,FALSE,FALSE,FALSE,TRUE,2
"IK_VVYXIRKYWOEDRA-UHFFFAOYSA-N",45.8478959045499,FALSE,"down",1,FALSE,TRUE,FALSE,FALSE,FALSE,TRUE,2
"IK_RHVBIEJVJWNXBU-XZVKZCCLSA-N",45.8468752282292,FALSE,"down",1,FALSE,TRUE,FALSE,FALSE,FALSE,TRUE,2
"IK_GUZRMGFLLJQHCW-UHFFFAOYSA-N",45.8362649817056,FALSE,"up",1,FALSE,TRUE,FALSE,FALSE,FALSE,TRUE,2
"IK_NIDVTARKFBZMOT-PEBGCTIMSA-N",45.8299293414902,TRUE,"down",2,FALSE,TRUE,FALSE,FALSE,TRUE,TRUE,3
"IK_RHVPEFQDYMMNSY-UHFFFAOYSA-N",45.8277767844868,FALSE,"up",1,FALSE,TRUE,FALSE,FALSE,TRUE,TRUE,3
"IK_UGFILLIGHGZLHE-UHFFFAOYSA-N",45.8144956828039,FALSE,"up",1,FALSE,TRUE,FALSE,FALSE,FALSE,TRUE,2
"IK_MXDRPNGTQDRKQM-UHFFFAOYSA-N",45.804434242135,FALSE,"down",1,FALSE,TRUE,FALSE,FALSE,FALSE,TRUE,2
"IK_VDYXBEFIBYPOSV-UHFFFAOYSA-N",45.7938239956114,FALSE,"up",1,FALSE,TRUE,FALSE,FALSE,FALSE,TRUE,2
"IK_FERIUCNNQQJTOY-UHFFFAOYSA-N",45.7874578476973,FALSE,"up",1,FALSE,TRUE,TRUE,FALSE,TRUE,TRUE,4
"IK_ONFOSYPQQXJWGS-UHFFFAOYSA-N",45.7853357983926,FALSE,"up",1,FALSE,TRUE,TRUE,FALSE,FALSE,TRUE,3
"IK_GIXWDMTZECRIJT-UHFFFAOYSA-N",45.7726035025644,FALSE,"up",1,FALSE,TRUE,FALSE,FALSE,FALSE,TRUE,2
"IK_OTDJZUJMXXNTKV-FENLDCAOSA-N",45.7641153053455,FALSE,"down",1,FALSE,TRUE,TRUE,FALSE,FALSE,TRUE,3
"IK_UIERETOOQGIECD-ONEGZZNKSA-N",45.753505058822,FALSE,"up",1,FALSE,TRUE,FALSE,FALSE,TRUE,TRUE,3
"IK_GVQOVMKBYJKZSY-UHFFFAOYSA-N",45.7513830095173,FALSE,"up",1,FALSE,TRUE,FALSE,FALSE,FALSE,TRUE,2
"IK_XZYNWDWRUDTDCH-UHFFFAOYSA-N",45.7314730830292,FALSE,"down",1,FALSE,TRUE,FALSE,TRUE,FALSE,TRUE,3
"IK_ZWDYIYOIBZOENK-YZGJGUBNSA-N",45.7301625164702,FALSE,"up",1,FALSE,TRUE,FALSE,FALSE,FALSE,TRUE,2
"IK_KLLGGGQNRTVBSU-FQSPHKRJSA-N",45.7216743192514,FALSE,"down",1,FALSE,TRUE,FALSE,TRUE,FALSE,TRUE,3
"IK_YRCWQPVGYLYSOX-VIFPVBQESA-N",45.7110640727278,FALSE,"down",1,FALSE,TRUE,FALSE,FALSE,TRUE,TRUE,3
"IK_BCNUXXXHEIUHJB-UHFFFAOYSA-N",45.7005742765293,FALSE,"up",1,FALSE,TRUE,FALSE,TRUE,FALSE,TRUE,3
"IK_INMKWUNQKOWGEZ-VQHVLOKHSA-N",45.6898435796807,FALSE,"up",1,FALSE,TRUE,FALSE,FALSE,TRUE,TRUE,3
"IK_OIFXLYCBBBXCIB-UHFFFAOYSA-N",45.687721530376,FALSE,"down",1,FALSE,TRUE,FALSE,FALSE,FALSE,TRUE,2
"IK_UUEPXFWSBUIUAZ-NSCUHMNNSA-N",45.6792333331572,FALSE,"down",1,FALSE,TRUE,FALSE,FALSE,TRUE,TRUE,3
"IK_VCRXMIQBQGCAAL-UHFFFAOYSA-N",45.6665010373289,FALSE,"up",1,FALSE,TRUE,FALSE,FALSE,FALSE,TRUE,2
"IK_YIQRSAKVWZVLDN-QZTNRIJFSA-N",45.636792347063,FALSE,"down",1,FALSE,TRUE,TRUE,FALSE,FALSE,TRUE,3
"IK_FJIGLGLZNXQEDE-GDVGLLTNSA-N",45.6346702977583,FALSE,"up",1,FALSE,TRUE,FALSE,FALSE,FALSE,TRUE,2
"IK_YTFFUORSCQHTLA-QNPHJADPSA-N",45.6261821005395,FALSE,"down",1,FALSE,TRUE,TRUE,FALSE,FALSE,TRUE,3
"IK_DFYHDDCNKMPXMX-UHFFFAOYSA-M",45.6155718540159,FALSE,"up",1,FALSE,TRUE,FALSE,TRUE,FALSE,TRUE,3
"IK_LKAFPNQADHUXMM-LURJTMIESA-N",45.6134498047112,FALSE,"up",1,FALSE,TRUE,FALSE,FALSE,FALSE,TRUE,2
"IK_ANVLMUZOIWITMQ-UHFFFAOYSA-N",45.6049616074924,FALSE,"down",1,FALSE,TRUE,FALSE,TRUE,FALSE,TRUE,3
"IK_FDLBWFQZCBIUPV-UHFFFAOYSA-N",45.5816190651406,FALSE,"up",1,FALSE,TRUE,FALSE,FALSE,FALSE,TRUE,2
"IK_WHPVYXDFIXRKLN-UHFFFAOYSA-N",45.580096741296,FALSE,"up",1,FALSE,TRUE,FALSE,FALSE,TRUE,TRUE,3
"IK_KYZSOPIZDMFUBC-QPCGIFMOSA-N",45.5646060836459,FALSE,"down",1,FALSE,TRUE,FALSE,FALSE,FALSE,TRUE,2
"IK_GHOKWGTUZJEAQD-UHFFFAOYSA-N",45.5603985720935,FALSE,"down",1,FALSE,TRUE,FALSE,FALSE,FALSE,TRUE,2
"IK_LOODYTDRRBLQNH-UHFFFAOYSA-N",45.5285678325229,FALSE,"up",1,FALSE,TRUE,FALSE,FALSE,FALSE,TRUE,2
"IK_MNEBDCWSYIPUDZ-UHFFFAOYSA-N",45.5179575859993,FALSE,"up",1,FALSE,TRUE,FALSE,FALSE,FALSE,TRUE,2
"IK_CGVOQSQIYSUXAT-PPLFXBRHSA-N",45.5094693887805,FALSE,"down",1,FALSE,TRUE,TRUE,FALSE,FALSE,TRUE,3
"IK_UPMLOUAZCHDJJD-UHFFFAOYSA-N",45.4967370929523,FALSE,"up",1,FALSE,TRUE,FALSE,FALSE,FALSE,TRUE,2
"IK_ICMUIFDBEVJCQA-GQQBCVOHSA-N",45.4882488957334,FALSE,"down",1,FALSE,TRUE,FALSE,FALSE,TRUE,TRUE,3
"IK_FXYSHYMHTAACSV-FTHMGGAWSA-N",45.4670284026863,FALSE,"down",1,FALSE,TRUE,FALSE,FALSE,TRUE,TRUE,3
"IK_UFSCUAXLTRFIDC-UHFFFAOYSA-N",45.466348522812,FALSE,"up",1,FALSE,TRUE,FALSE,FALSE,FALSE,TRUE,2
"IK_LMOUVAHDYFZTCE-UHFFFAOYSA-N",45.4649063533816,FALSE,"down",1,FALSE,TRUE,FALSE,FALSE,FALSE,TRUE,2
"IK_DYNKRGCMLGUEMN-YFKPBYRVSA-N",45.4564181561628,FALSE,"up",1,FALSE,TRUE,FALSE,FALSE,TRUE,TRUE,3
"IK_FPUXKXIZEIDQKW-VKMVSBOZSA-N",45.4458079096392,FALSE,"up",1,FALSE,TRUE,FALSE,FALSE,TRUE,TRUE,3
"IK_RXFPYNAVFFDUJE-UHFFFAOYSA-N",45.439661284067,FALSE,"up",1,FALSE,TRUE,FALSE,FALSE,FALSE,TRUE,2
"IK_BEJNERDRQOWKJM-UHFFFAOYSA-N",45.4160992193733,FALSE,"down",1,FALSE,TRUE,FALSE,TRUE,TRUE,TRUE,4
"IK_KHCDPAZLBSPVSE-UHFFFAOYSA-N",45.4012448742403,FALSE,"up",1,FALSE,TRUE,FALSE,FALSE,FALSE,TRUE,2
"IK_MXAFDFDAIFZFET-QIEOIKHQSA-N",45.3927566770215,FALSE,"down",1,FALSE,TRUE,TRUE,FALSE,FALSE,TRUE,3
"IK_LFPLDCZTCJLLHS-KZJYDNEQSA-N",45.382146430498,FALSE,"down",1,FALSE,TRUE,TRUE,FALSE,FALSE,TRUE,3
"IK_BNLANPMAYYCMLY-LCXZALMSSA-N",45.3715361839744,FALSE,"down",1,FALSE,TRUE,TRUE,FALSE,FALSE,TRUE,3
"IK_MJLXQSQYKZWZCB-AKNKGCNLSA-N",45.3694141346697,FALSE,"up",1,FALSE,TRUE,FALSE,FALSE,FALSE,TRUE,2
"IK_XKYICAQFSCFURC-UHFFFAOYSA-N",45.3609259374509,FALSE,"up",1,FALSE,TRUE,FALSE,FALSE,TRUE,TRUE,3
"IK_KWDXKYNWAKMLKK-YQMRQDNGSA-N",45.3588038881462,FALSE,"down",1,FALSE,TRUE,FALSE,FALSE,FALSE,TRUE,2
"IK_IVOMOUWHDPKRLL-KQYNXXCUSA-N",45.3503156909273,FALSE,"up",1,FALSE,TRUE,FALSE,FALSE,TRUE,TRUE,3
"IK_ZSIQJIWKELUFRJ-UHFFFAOYSA-N",45.3290951978803,FALSE,"up",1,FALSE,TRUE,FALSE,FALSE,TRUE,TRUE,3
"IK_SNCKGJWJABDZHI-ZKWXMUAHSA-N",45.3269731485756,FALSE,"up",1,FALSE,TRUE,FALSE,FALSE,FALSE,TRUE,2
"IK_UQQIESBHLPZEGH-XBICCEFJSA-N",45.3242778988474,FALSE,"up",1,FALSE,TRUE,TRUE,FALSE,FALSE,TRUE,3
"IK_XHBSBNYEHDQRCP-UHFFFAOYSA-N",45.3184849513567,FALSE,"up",1,FALSE,TRUE,FALSE,FALSE,TRUE,TRUE,3
"IK_XEZVDURJDFGERA-UHFFFAOYSA-N",45.3116822089466,FALSE,"down",1,FALSE,TRUE,FALSE,FALSE,FALSE,TRUE,2
"IK_QQBKLRXLVRDKEB-UHFFFAOYSA-N",45.3057526555285,FALSE,"up",1,FALSE,TRUE,FALSE,FALSE,FALSE,TRUE,2
"IK_COVOPZQGJGUPEY-UHFFFAOYSA-N",45.2845321624814,FALSE,"up",1,FALSE,TRUE,FALSE,FALSE,FALSE,TRUE,2
"IK_OKYHUOHBRKWCQJ-FTJYXMLISA-N",45.2739219159578,FALSE,"down",1,FALSE,TRUE,FALSE,FALSE,FALSE,TRUE,2
"IK_JYGFTBXVXVMTGB-UHFFFAOYSA-N",45.2569455215202,FALSE,"up",1,FALSE,TRUE,FALSE,TRUE,TRUE,TRUE,4
"IK_NFNVDJGXRFEYTK-UHFFFAOYSA-N",45.2527014229108,FALSE,"up",1,FALSE,TRUE,FALSE,FALSE,FALSE,TRUE,2
"IK_ACSFOIGNUQUIGE-AIPUTVCKSA-N",45.2442132256919,FALSE,"up",1,FALSE,TRUE,FALSE,FALSE,TRUE,TRUE,3
"IK_VYIRVAXUEZSDNC-RDJLEWNRSA-N",45.2336029791684,FALSE,"up",1,FALSE,TRUE,FALSE,FALSE,TRUE,TRUE,3
"IK_GMKMEZVLHJARHF-UHFFFAOYSA-N",45.2322956806295,FALSE,"up",1,FALSE,TRUE,FALSE,FALSE,FALSE,TRUE,2
"IK_BXXSHQYDJWZXPB-OKNSCYNVSA-N",45.2229927326448,FALSE,"up",1,FALSE,TRUE,FALSE,FALSE,TRUE,TRUE,3
"IK_GBDRMPRTNVKBAD-BYPYZUCNSA-N",45.2123824861213,FALSE,"up",1,FALSE,TRUE,FALSE,TRUE,FALSE,TRUE,3
"IK_RZGFUGXQKMEMOO-SZXTZRQCSA-N",45.2102604368166,FALSE,"down",1,FALSE,TRUE,FALSE,FALSE,FALSE,TRUE,2
"IK_POQRWMRXUOPCLD-AAAFHMTMSA-N",45.2095557053222,FALSE,"up",1,FALSE,TRUE,TRUE,FALSE,FALSE,TRUE,3
"IK_PDIGSOAOQOXRDU-WJPZTBRDSA-N",45.1911619930742,FALSE,"up",1,FALSE,TRUE,TRUE,FALSE,FALSE,TRUE,3
"IK_KEFJLCGVTHRGAH-UHFFFAOYSA-N",45.178429697246,FALSE,"down",1,FALSE,TRUE,FALSE,FALSE,FALSE,TRUE,2
"IK_NIGWMJHCCYYCSF-UHFFFAOYSA-N",45.1699415000271,FALSE,"up",1,FALSE,TRUE,FALSE,FALSE,TRUE,TRUE,3
"IK_SHAQGFGGJSLLHE-BQBZGAKWSA-N",45.1414751604909,FALSE,"down",1,FALSE,TRUE,FALSE,FALSE,FALSE,TRUE,2
"IK_VOXZDWNPVJITMN-ZBRFXRBCSA-N",45.1381772735057,FALSE,"up",1,FALSE,TRUE,FALSE,FALSE,TRUE,TRUE,3
"IK_NDPWMVKNLXIMLF-KIYNQFGBSA-N",45.1147682181047,FALSE,"down",1,FALSE,TRUE,FALSE,FALSE,FALSE,TRUE,2
"IK_DSPWIGNSRMCMGP-UHFFFAOYSA-N",45.0956697743623,FALSE,"up",1,FALSE,TRUE,FALSE,TRUE,FALSE,TRUE,3
"IK_KZTYPOGXRFTJBN-QUPJTARXSA-N",45.0850595278388,FALSE,"down",1,FALSE,TRUE,FALSE,TRUE,FALSE,TRUE,3
"IK_GRERMCGRRAMWSD-GRZGAGJTSA-N",45.0829374785341,FALSE,"up",1,FALSE,TRUE,FALSE,FALSE,FALSE,TRUE,2
"IK_KYICBZWZQPCUMO-PSALXKTOSA-N",45.0744492813152,FALSE,"down",1,FALSE,TRUE,FALSE,TRUE,FALSE,TRUE,3
"IK_GHUJOXJDUAROKJ-UHFFFAOYSA-N",45.0723272320105,FALSE,"down",1,FALSE,TRUE,FALSE,FALSE,FALSE,TRUE,2
"IK_YJCJVMMDTBEITC-UHFFFAOYSA-N",45.0722498457634,FALSE,"down",1,FALSE,TRUE,TRUE,FALSE,TRUE,TRUE,4
"IK_CVSVTCORWBXHQV-UHFFFAOYSA-N",45.0659610840964,FALSE,"down",1,FALSE,TRUE,TRUE,FALSE,TRUE,TRUE,4
"IK_CAHKINHBCWCHCF-JTQLQIEISA-N",45.0638390347917,FALSE,"up",1,FALSE,TRUE,FALSE,FALSE,TRUE,TRUE,3
"IK_JWLAAGBRLDQPSL-UHFFFAOYSA-N",45.0441118219815,FALSE,"down",1,FALSE,TRUE,TRUE,FALSE,FALSE,TRUE,3
"IK_IPOLTUVFXFHAHI-OUKQBFOZSA-N",45.0298862459164,FALSE,"up",1,FALSE,TRUE,FALSE,FALSE,FALSE,TRUE,2
"IK_QVZHZVWYFNADIO-BATPLZQESA-N",45.0192759993928,FALSE,"down",1,FALSE,TRUE,FALSE,FALSE,FALSE,TRUE,2
"IK_UPJFTVFLSIQQAV-KOLCDFICSA-N",45.010787802174,FALSE,"up",1,FALSE,TRUE,FALSE,FALSE,TRUE,TRUE,3
"IK_ANQQVTWQIBPDKQ-UHFFFAOYSA-N",45.0086657528693,FALSE,"up",1,FALSE,TRUE,FALSE,FALSE,FALSE,TRUE,2
"IK_YSSWCDJIKPKJLL-SJCQXOIGSA-N",45.0023494319434,FALSE,"down",1,FALSE,TRUE,TRUE,FALSE,FALSE,TRUE,3
"IK_JUAPMRSLDANLAS-HOTGVXAUSA-N",45.0001775556504,FALSE,"up",1,FALSE,TRUE,FALSE,FALSE,TRUE,TRUE,3
"IK_SEHFUALWMUWDKS-UHFFFAOYSA-N",44.9980555063457,FALSE,"down",1,FALSE,TRUE,FALSE,FALSE,FALSE,TRUE,2
"IK_NOSWATRCDIPOON-UHFFFAOYSA-N",44.9879191154922,FALSE,"up",1,FALSE,TRUE,TRUE,FALSE,FALSE,TRUE,3
"IK_JHIWIFRQJXLNEU-GSQAGGHASA-N",44.9874452598222,FALSE,"down",1,FALSE,TRUE,FALSE,FALSE,FALSE,TRUE,2
"IK_BWWWIHHYPYDOJQ-BSGVGGAOSA-N",44.9768350132986,FALSE,"up",1,FALSE,TRUE,FALSE,FALSE,FALSE,TRUE,2
"IK_JTUPDNHGJNUOCW-UHFFFAOYSA-N",44.945004273728,FALSE,"up",1,FALSE,TRUE,FALSE,FALSE,FALSE,TRUE,2
"IK_JVSRRTLCKOVNHJ-UHFFFAOYSA-N",44.9131735341574,FALSE,"up",1,FALSE,TRUE,FALSE,FALSE,FALSE,TRUE,2
"IK_VYFLJWHRKHRHBR-CGLJIMKOSA-N",44.9046853369385,FALSE,"up",1,FALSE,TRUE,TRUE,FALSE,FALSE,TRUE,3
"IK_WBHHMMIMDMUBKC-QJWNTBNXSA-N",44.8950969446424,FALSE,"down",1,FALSE,TRUE,FALSE,FALSE,TRUE,TRUE,3
"NO_INCHIKEY__ffa 19 1",44.8934531612883,FALSE,"up",2,FALSE,FALSE,FALSE,FALSE,FALSE,FALSE,0
"IK_TVLHFFLEOSSHFT-QVLZICSDSA-N",44.8813427945868,FALSE,"down",1,FALSE,TRUE,FALSE,FALSE,FALSE,TRUE,2
"IK_FCEJNLVNFSUDTK-AATRIKPKSA-N",44.8707325480632,FALSE,"up",1,FALSE,TRUE,FALSE,FALSE,FALSE,TRUE,2
"IK_AQPJRTNUBAWORL-RXMQYKEDSA-N",44.8601223015397,FALSE,"up",1,FALSE,TRUE,FALSE,FALSE,FALSE,TRUE,2
"IK_AMPNNTLXPJCDJF-UHFFFAOYSA-N",44.8516341043208,FALSE,"down",1,FALSE,TRUE,FALSE,TRUE,FALSE,TRUE,3
"IK_HUGUGFBIYQBLCS-UHFFFAOYSA-N",44.8495120550161,FALSE,"down",1,FALSE,TRUE,FALSE,FALSE,FALSE,TRUE,2
"IK_LHTZUHRNOLWZNI-UHFFFAOYSA-N",44.828291561969,FALSE,"down",1,FALSE,TRUE,FALSE,FALSE,FALSE,TRUE,2
"IK_JBNUARFQOCGDRK-UHFFFAOYSA-N",44.8176813154455,FALSE,"up",1,FALSE,TRUE,FALSE,FALSE,FALSE,TRUE,2
"IK_BWRPYSJNBVBIRP-FLFBIERCSA-N",44.7985828717031,FALSE,"up",1,FALSE,TRUE,FALSE,FALSE,TRUE,TRUE,3
"IK_SNPLKNRPJHDVJA-UHFFFAOYSA-N",44.7879726251796,FALSE,"down",1,FALSE,TRUE,FALSE,FALSE,TRUE,TRUE,3
"IK_CEIZFXOZIQNICU-XNCJUZBTSA-N",44.7667521321325,FALSE,"up",1,FALSE,TRUE,FALSE,FALSE,TRUE,TRUE,3
"IK_NUJGJRNETVAIRJ-UHFFFAOYSA-N",44.7602579295189,FALSE,"up",2,FALSE,TRUE,FALSE,FALSE,TRUE,TRUE,3
"IK_MNMKDPGRWWQDGI-UHFFFAOYSA-N",44.7540198363042,FALSE,"down",1,FALSE,TRUE,FALSE,FALSE,FALSE,TRUE,2
"IK_GCSLDHTZSDNYEC-CPNJWEJPSA-N",44.7434095897807,FALSE,"down",1,FALSE,TRUE,FALSE,FALSE,FALSE,TRUE,2
"IK_YRMSRWRIJYGMCI-LWRNEJPJSA-N",44.7399187720179,FALSE,"down",1,FALSE,TRUE,TRUE,FALSE,FALSE,TRUE,3
"IK_KGNGTSCIQCLKEH-SYCVNHKBSA-N",44.7349213925619,FALSE,"up",1,FALSE,TRUE,FALSE,FALSE,TRUE,TRUE,3
"IK_JLIPBVWMWUWERT-HNQUOIGGSA-N",44.7327993432571,FALSE,"down",1,FALSE,TRUE,FALSE,FALSE,FALSE,TRUE,2
"IK_ZYGHJZDHTFUPRJ-UHFFFAOYSA-N",44.726433195343,FALSE,"up",1,FALSE,TRUE,TRUE,FALSE,TRUE,TRUE,4
"IK_DZTHIGRZJZPRDV-LBPRGKRZSA-N",44.716801370565,FALSE,"up",1,FALSE,TRUE,FALSE,FALSE,FALSE,TRUE,2
"IK_CTKINSOISVBQLD-UHFFFAOYSA-N",44.7158229488195,FALSE,"up",1,FALSE,TRUE,FALSE,TRUE,TRUE,TRUE,4
"IK_RINHYCZCUGCZAJ-IPXOVKFZSA-N",44.7115788502101,FALSE,"up",1,FALSE,TRUE,FALSE,FALSE,FALSE,TRUE,2
"IK_ZKQQJUBGJLUJNT-UHFFFAOYSA-N",44.7064900523629,FALSE,"up",1,FALSE,TRUE,TRUE,FALSE,FALSE,TRUE,3
"IK_OFPGGYKTROURFO-UCCAZXFESA-N",44.7030906529912,FALSE,"down",1,FALSE,TRUE,TRUE,FALSE,FALSE,TRUE,3
"IK_NGCXIFFZXAZRAF-UHFFFAOYSA-M",44.7009686036865,FALSE,"down",1,FALSE,TRUE,FALSE,FALSE,FALSE,TRUE,2
"IK_WNYADZVDBIBLJJ-UHFFFAOYSA-N",44.6924804064677,FALSE,"down",1,FALSE,TRUE,FALSE,FALSE,TRUE,TRUE,3
"IK_XMLFPUBZFSJWCN-UHFFFAOYSA-N",44.6818701599441,FALSE,"down",1,FALSE,TRUE,FALSE,TRUE,FALSE,TRUE,3
"IK_SJBDVPKAXKLGPV-UKNYEQEFSA-N",44.6712599134206,FALSE,"up",1,FALSE,TRUE,FALSE,FALSE,TRUE,TRUE,3
"IK_CJUFNYIRKDOQMC-SNVBAGLBSA-N",44.6691378641159,FALSE,"up",1,FALSE,TRUE,FALSE,FALSE,FALSE,TRUE,2
"IK_SXHQUGJSTGOXMD-UHFFFAOYSA-N",44.6606496668971,FALSE,"down",1,FALSE,TRUE,FALSE,FALSE,TRUE,TRUE,3
"IK_NLUNAYAEIJYXRB-HEJOTXCHSA-N",44.6585276175924,FALSE,"up",1,FALSE,TRUE,FALSE,FALSE,FALSE,TRUE,2
"IK_SERHXTVXHNVDKA-BYPYZUCNSA-N",44.6500394203735,FALSE,"up",1,FALSE,TRUE,FALSE,FALSE,TRUE,TRUE,3
"IK_RPSBVJXBTXEJJG-LURNZOHQSA-N",44.6479173710688,FALSE,"down",1,FALSE,TRUE,FALSE,FALSE,FALSE,TRUE,2
"IK_PWFTYELYTFERRB-VPTTUCOCSA-N",44.6373071245453,FALSE,"down",1,FALSE,TRUE,FALSE,FALSE,FALSE,TRUE,2
"IK_JJMDCOVWQOJGCB-UHFFFAOYSA-N",44.6288189273264,FALSE,"up",1,FALSE,TRUE,FALSE,FALSE,TRUE,TRUE,3
"IK_CCAIIPMIAFGKSI-DMTCNVIQSA-N",44.6266968780217,FALSE,"down",1,FALSE,TRUE,FALSE,FALSE,FALSE,TRUE,2
"IK_GTZCVFVGUGFEME-HNQUOIGGSA-N",44.621760415868,FALSE,"up",2,FALSE,TRUE,FALSE,FALSE,TRUE,TRUE,3
"IK_HZAXFHJVJLSVMW-UHFFFAOYSA-N",44.6210250166684,FALSE,"up",1,FALSE,TRUE,TRUE,TRUE,TRUE,TRUE,5
"IK_PALVOIADDFXQGT-HZJYTTRNSA-N",44.6182086808029,FALSE,"up",1,FALSE,TRUE,TRUE,FALSE,FALSE,TRUE,3
"IK_ZDZWIQDJFWTDAM-NQIIRXRSSA-N",44.6160866314982,FALSE,"down",1,FALSE,TRUE,FALSE,FALSE,FALSE,TRUE,2
"IK_OLNJUISKUQQNIM-UHFFFAOYSA-N",44.5991102370605,FALSE,"down",1,FALSE,TRUE,TRUE,FALSE,TRUE,TRUE,4
"IK_WDNOQSUMHJTAOV-RAUWIWGKSA-N",44.5969881877558,FALSE,"down",1,FALSE,TRUE,TRUE,FALSE,FALSE,TRUE,3
"IK_WHNWPMSKXPGLAX-UHFFFAOYSA-N",44.5969881877558,FALSE,"up",1,FALSE,TRUE,FALSE,FALSE,TRUE,TRUE,3
"NO_INCHIKEY__tripeptide leu ile lys gln",44.5964707907144,FALSE,"down",1,FALSE,TRUE,FALSE,FALSE,FALSE,FALSE,1
"IK_GGUOCFNAWIODMF-UHFFFAOYSA-N",44.59003664693,FALSE,"up",1,FALSE,TRUE,FALSE,FALSE,TRUE,TRUE,3
"IK_PGYNJJCWPCAGLG-GYHWCHFESA-N",44.5899504149191,FALSE,"up",1,FALSE,TRUE,FALSE,FALSE,FALSE,TRUE,2
"IK_AYFVYJQAPQTCCC-HRFVKAFMSA-N",44.588499990537,FALSE,"up",1,FALSE,TRUE,TRUE,FALSE,TRUE,TRUE,4
"IK_MHDRTPJQGBFRLF-HKBYYINESA-N",44.5863779412323,FALSE,"down",1,FALSE,TRUE,TRUE,FALSE,FALSE,TRUE,3
"IK_MPWUZHVZZKSTPV-MADBQMNMSA-N",44.5757676947087,FALSE,"down",1,FALSE,TRUE,TRUE,FALSE,FALSE,TRUE,3
"IK_HCHPJRWDAXBWHL-DDCHMOMFSA-N",44.5651574481852,FALSE,"up",1,FALSE,TRUE,TRUE,FALSE,FALSE,TRUE,3
"IK_BATTZJIKLZSIAU-UHFFFAOYSA-N",44.5630353988805,FALSE,"up",1,FALSE,TRUE,FALSE,FALSE,FALSE,TRUE,2
"IK_YNIJMKWVLKABRN-TWDSNVLRSA-N",44.5545472016616,FALSE,"down",1,FALSE,TRUE,TRUE,FALSE,FALSE,TRUE,3
"IK_UZWWTCBNUQJEPB-WLMOLUCVSA-N",44.5312046593098,FALSE,"up",1,FALSE,TRUE,FALSE,FALSE,FALSE,TRUE,2
"IK_JHMWTEQGLBMSLG-DMHZMEFUSA-N",44.5121062155675,FALSE,"down",1,FALSE,TRUE,TRUE,FALSE,FALSE,TRUE,3
"IK_SOKKQMPCIJPSGH-UHFFFAOYSA-N",44.5099841662627,FALSE,"up",1,FALSE,TRUE,FALSE,FALSE,FALSE,TRUE,2
"IK_LUSZGTFNYDARNI-UHFFFAOYSA-N",44.5014959690439,FALSE,"down",1,FALSE,TRUE,FALSE,FALSE,TRUE,TRUE,3
"IK_FWAYDNJCBHNWQD-JBWLPIRVSA-N",44.471787278778,FALSE,"up",1,FALSE,TRUE,FALSE,TRUE,TRUE,TRUE,4
"IK_ZWRRJEICIPUPHZ-DAOPMYJZSA-N",44.4590549829497,FALSE,"up",1,FALSE,TRUE,FALSE,FALSE,TRUE,TRUE,3
"IK_NTYJJOPFIAHURM-UHFFFAOYSA-N",44.4402994888757,FALSE,"down",1,FALSE,TRUE,FALSE,FALSE,TRUE,TRUE,3
"IK_UOORRWUZONOOLO-UHFFFAOYSA-N",44.4401028874353,FALSE,"down",1,FALSE,TRUE,FALSE,FALSE,FALSE,TRUE,2
"IK_MKYPKZSGLSOGLL-LURJTMIESA-N",44.4378344899027,FALSE,"up",1,FALSE,TRUE,FALSE,FALSE,TRUE,TRUE,3
"IK_UIPSRRAMIULCRE-OZKVUCNRSA-N",44.4378344899027,FALSE,"up",1,FALSE,TRUE,TRUE,FALSE,FALSE,TRUE,3
"IK_LEEDEKWKJVUWGA-AVFOEOQDSA-N",44.4318611717191,FALSE,"up",1,FALSE,TRUE,FALSE,FALSE,FALSE,TRUE,2
"IK_PITVQFJBUFDJDD-XEGUGMAKSA-N",44.4251021940744,FALSE,"up",1,FALSE,TRUE,FALSE,FALSE,FALSE,TRUE,2
"IK_WGOIHPRRFBCVBZ-GSVOUGTGSA-N",44.4250609892335,FALSE,"up",1,FALSE,TRUE,TRUE,FALSE,FALSE,TRUE,3
"IK_FIJFPUAJUDAZEY-MNDXXDKYSA-N",44.4144919475509,FALSE,"down",1,FALSE,TRUE,FALSE,FALSE,FALSE,TRUE,2
"IK_FPGSEBKFEJEOSA-UMMCILCDSA-N",44.406003750332,FALSE,"down",1,FALSE,TRUE,FALSE,FALSE,TRUE,TRUE,3
"IK_GJUABKCEXOMRPQ-UHFFFAOYSA-N",44.3932714545038,FALSE,"down",1,FALSE,TRUE,FALSE,FALSE,FALSE,TRUE,2
"IK_VUUOTOOJGWQGRY-OEOQYRPPSA-N",44.3741730107614,FALSE,"down",1,FALSE,TRUE,TRUE,FALSE,FALSE,TRUE,3
"IK_PAJPWUMXBYXFCZ-UHFFFAOYSA-N",44.3656848135426,FALSE,"up",1,FALSE,TRUE,TRUE,FALSE,TRUE,TRUE,4
"IK_JITCCUITUOPXAR-XSBOKVBDSA-N",44.3508304684096,FALSE,"up",1,FALSE,TRUE,FALSE,FALSE,FALSE,TRUE,2
"IK_GEAXLHPORCRESC-UHFFFAOYSA-N",44.3423422711908,FALSE,"up",1,FALSE,TRUE,FALSE,FALSE,TRUE,TRUE,3
"IK_XTSSAALSNSPVIH-OCFMFRIESA-N",44.3406322702947,FALSE,"down",1,FALSE,TRUE,FALSE,FALSE,FALSE,TRUE,2
"IK_QASOACWKTAXFSE-AATRIKPKSA-N",44.3402202218861,FALSE,"up",1,FALSE,TRUE,FALSE,FALSE,FALSE,TRUE,2
"IK_ZBAYEKZBNZHVGF-ZAQYYTCTSA-N",44.3296099753625,FALSE,"up",1,FALSE,TRUE,FALSE,FALSE,FALSE,TRUE,2
"IK_WEQJQNWXCSUVMA-NEPJUHHUSA-N",44.3211217781437,FALSE,"up",1,FALSE,TRUE,FALSE,TRUE,FALSE,TRUE,3
"IK_QEFNQQRVZDFDIJ-UHFFFAOYSA-N",44.318999728839,FALSE,"up",1,FALSE,TRUE,FALSE,FALSE,FALSE,TRUE,2
"IK_VFLQJBVJJLGBKM-HZPDHXFCSA-N",44.2999012850966,FALSE,"up",1,FALSE,TRUE,FALSE,TRUE,FALSE,TRUE,3
"IK_PWGFIVDGCMQGCD-CCMQFXHASA-N",44.2977792357919,FALSE,"up",1,FALSE,TRUE,FALSE,FALSE,FALSE,TRUE,2
"IK_AEURJYQWJBBJDQ-RRSKNPHNSA-N",44.2892910385731,FALSE,"up",1,FALSE,TRUE,TRUE,FALSE,FALSE,TRUE,3
"IK_RHWSKVCZXBAWLZ-UHFFFAOYSA-N",44.268070545526,FALSE,"up",1,FALSE,TRUE,FALSE,FALSE,TRUE,TRUE,3
"IK_RHOQRBVFJSAQTR-UHFFFAOYSA-N",44.2659484962213,FALSE,"up",1,FALSE,TRUE,FALSE,FALSE,FALSE,TRUE,2
"IK_CCGRBSFMPVMVTE-SGTVZEORSA-N",44.2574602990024,FALSE,"up",1,FALSE,TRUE,TRUE,FALSE,FALSE,TRUE,3
"IK_HFXAFXVXPMUQCQ-BYPYZUCNSA-N",44.2468500524789,FALSE,"up",1,FALSE,TRUE,FALSE,FALSE,TRUE,TRUE,3
"IK_OUEUPCHAIFZTKH-LSWZYRHBSA-N",44.2362398059553,FALSE,"down",1,FALSE,TRUE,TRUE,FALSE,FALSE,TRUE,3
"IK_HXACOUQIXZGNBF-UHFFFAOYSA-N",44.2256295594318,FALSE,"down",1,FALSE,TRUE,FALSE,FALSE,TRUE,TRUE,3
"IK_KMAKOBLIOCQGJP-UHFFFAOYSA-N",44.2053330440705,FALSE,"down",1,FALSE,TRUE,FALSE,TRUE,TRUE,TRUE,4
"IK_GLNDAGDHSLMOKX-UHFFFAOYSA-N",44.1937988198612,FALSE,"up",1,FALSE,TRUE,FALSE,FALSE,TRUE,TRUE,3
"IK_YMAWOPBAYDPSLA-UHFFFAOYSA-N",44.1840414479816,FALSE,"up",1,FALSE,TRUE,FALSE,FALSE,TRUE,TRUE,3
"IK_TXTNKDRGVWKECN-UHFFFAOYSA-N",44.1810665240329,FALSE,"down",1,FALSE,TRUE,FALSE,FALSE,FALSE,TRUE,2
"NO_INCHIKEY__possible bile acid",44.1652243283616,FALSE,"down",1,FALSE,TRUE,FALSE,FALSE,FALSE,FALSE,1
"IK_DFSPELNJAJEWOM-UHFFFAOYSA-N",44.1598460309858,FALSE,"down",1,FALSE,TRUE,FALSE,FALSE,FALSE,TRUE,2
"IK_RZTRGWJVDVMYLZ-KBNCVMCFSA-N",44.1174050448917,FALSE,"down",1,FALSE,TRUE,FALSE,FALSE,FALSE,TRUE,2
"IK_RJPPRBMGVWEZRR-WTZPKTTFSA-N",44.1089168476728,FALSE,"down",1,FALSE,TRUE,FALSE,FALSE,TRUE,TRUE,3
"IK_ADQUXZRKOKKULD-CZOXBATISA-N",44.1067947983681,FALSE,"up",1,FALSE,TRUE,FALSE,FALSE,FALSE,TRUE,2
"IK_SSBCZTXGVMMZOT-NBBHSKLNSA-N",44.0961845518446,FALSE,"down",1,FALSE,TRUE,FALSE,FALSE,FALSE,TRUE,2
"IK_AGBQKNBQESQNJD-SSDOTTSWSA-N",44.0900727672794,FALSE,"up",1,FALSE,TRUE,FALSE,FALSE,TRUE,TRUE,3
"IK_JCMUOFQHZLPHQP-BQBZGAKWSA-N",44.0749640587975,FALSE,"up",1,FALSE,TRUE,FALSE,FALSE,FALSE,TRUE,2
"IK_ASTGQNDACGZVKX-WVILEFPPSA-N",44.0746153170071,FALSE,NA,1,FALSE,TRUE,TRUE,FALSE,FALSE,TRUE,3
"IK_HWDMHJDYMFRXOX-XVFCMESISA-N",44.0664758615787,FALSE,"down",1,FALSE,TRUE,FALSE,TRUE,FALSE,TRUE,3
"IK_LOAUVZALPPNFOQ-UHFFFAOYSA-N",44.0240348754845,FALSE,"up",1,FALSE,TRUE,FALSE,FALSE,TRUE,TRUE,3
"IK_FYSRHTXDKAIONW-DRTAPUJOSA-N",44.0219128261798,FALSE,"up",1,FALSE,TRUE,FALSE,FALSE,FALSE,TRUE,2
"IK_OEVFKUKLCXTCSU-KOTKPJCWSA-N",44.0212219237724,FALSE,NA,1,FALSE,TRUE,TRUE,FALSE,FALSE,TRUE,3
"IK_PFBBISDRYDAYNQ-ZZEZOPTASA-N",44.020195774795,FALSE,NA,1,FALSE,TRUE,TRUE,FALSE,FALSE,TRUE,3
"IK_BLWYXBNNBYXPPL-YFKPBYRVSA-N",44.0196160831151,FALSE,"down",1,FALSE,TRUE,FALSE,FALSE,FALSE,TRUE,2
"IK_DQQBTKPFMLVCPZ-SHGZRWORSA-N",44.0134246289609,FALSE,"up",1,FALSE,TRUE,TRUE,FALSE,FALSE,TRUE,3
"IK_MKSNXBRPSXVJOZ-BHCKOVANSA-N",44.00904490314,FALSE,NA,1,FALSE,TRUE,TRUE,FALSE,FALSE,TRUE,3
"IK_KVYNYRIOAYQBFK-AIIPJEMGSA-N",44.0049364317421,FALSE,"down",1,FALSE,TRUE,FALSE,TRUE,TRUE,TRUE,4
"IK_JEJLGIQLPYYGEE-UHFFFAOYSA-N",43.9950973068924,FALSE,"down",1,FALSE,TRUE,FALSE,FALSE,FALSE,TRUE,2
"IK_CZOSTDZGCCEZTJ-WMHOIYFHSA-N",43.9947025730364,FALSE,NA,1,FALSE,TRUE,TRUE,FALSE,FALSE,TRUE,3
"IK_YMKZESHNWGNAIE-VNTVABMMSA-N",43.9897104689931,FALSE,NA,1,FALSE,TRUE,TRUE,FALSE,FALSE,TRUE,3
"IK_NPCZZYKITFKRQZ-FQUZZJBASA-N",43.9890296387286,FALSE,NA,1,FALSE,TRUE,TRUE,FALSE,FALSE,TRUE,3
"IK_VEBLZAHPGXTRDI-UHFFFAOYSA-N",43.9877938161832,FALSE,NA,1,FALSE,TRUE,TRUE,FALSE,FALSE,TRUE,3
"IK_FCXZBWSIAGGPCB-YFKPBYRVSA-N",43.9815938893903,FALSE,"up",1,FALSE,TRUE,FALSE,FALSE,TRUE,TRUE,3
"IK_PHOSLXGWIIWDIE-IUFKAHDJSA-N",43.9811375750712,FALSE,NA,1,FALSE,TRUE,TRUE,FALSE,FALSE,TRUE,3
"IK_JOSRDTUBGWFAGO-WZYYJWNZSA-N",43.9757439727534,FALSE,NA,1,FALSE,TRUE,TRUE,FALSE,FALSE,TRUE,3
"IK_HVGRZDASOHMCSK-AVQMFFATSA-N",43.9733529941257,FALSE,NA,1,FALSE,TRUE,TRUE,FALSE,FALSE,TRUE,3
"IK_HZBABTUFXQLADL-UHFFFAOYSA-N",43.9709836428668,FALSE,"up",1,FALSE,TRUE,FALSE,FALSE,TRUE,TRUE,3
"IK_ODBXEJFUFNZVOB-UVQSURNNSA-N",43.9707150937922,FALSE,NA,1,FALSE,TRUE,TRUE,FALSE,FALSE,TRUE,3
"IK_JBVCSNJKVNKDHK-UHFFFAOYSA-N",43.9688615935621,FALSE,"down",1,FALSE,TRUE,FALSE,FALSE,FALSE,TRUE,2
"IK_LJHXGGOJWZBJCI-JCGOJSMZSA-N",43.9682332409684,FALSE,NA,1,FALSE,TRUE,TRUE,FALSE,FALSE,TRUE,3
"IK_FPTSLKCBYZXNAK-UZYVYHOESA-N",43.9657789750639,FALSE,NA,1,FALSE,TRUE,TRUE,FALSE,FALSE,TRUE,3
"IK_JWFSTKHCVMHWKP-ANFMRNGASA-N",43.9652829658483,FALSE,NA,1,FALSE,TRUE,TRUE,FALSE,FALSE,TRUE,3
"IK_VDDXXDNLMZFVOQ-FBMZPBPRSA-N",43.9616632960688,FALSE,NA,1,FALSE,TRUE,TRUE,FALSE,FALSE,TRUE,3
"IK_HRXXSHLQHFOCLQ-BYTZVSHESA-N",43.9604252298172,FALSE,NA,1,FALSE,TRUE,TRUE,FALSE,FALSE,TRUE,3
"IK_URDZVAHPTRQDFK-AKXWPXBYSA-N",43.9569610705042,FALSE,NA,1,FALSE,TRUE,TRUE,FALSE,FALSE,TRUE,3
"IK_OJZPOIMVTVAAOR-LVGJWKLPSA-N",43.9528550787782,FALSE,NA,1,FALSE,TRUE,TRUE,FALSE,FALSE,TRUE,3
"IK_CDSMSBUVCWHORP-UHFFFAOYSA-N",43.9518851991244,FALSE,"down",1,FALSE,TRUE,FALSE,TRUE,TRUE,TRUE,4
"IK_KKABVOCYVJCRKP-PZOQESJISA-N",43.9508657299474,FALSE,NA,1,FALSE,TRUE,TRUE,FALSE,FALSE,TRUE,3
"IK_PFJKOHUKELZMLE-VEUXDRLPSA-N",43.9508657299474,FALSE,NA,1,FALSE,TRUE,TRUE,FALSE,FALSE,TRUE,3
"IK_GKIRPKYJQBWNGO-OCEACIFDSA-N",43.9440646664998,FALSE,NA,1,FALSE,TRUE,TRUE,FALSE,FALSE,TRUE,3
"IK_FDCOHGHEADZEGF-QPLCGJKRSA-N",43.9418130014869,FALSE,NA,1,FALSE,TRUE,TRUE,FALSE,FALSE,TRUE,3
"IK_JKPUNUXKEBTKHB-CQXAJOTDSA-N",43.9415009747534,FALSE,NA,1,FALSE,TRUE,TRUE,FALSE,FALSE,TRUE,3
"IK_QLNURYCOAWSXLQ-ABTXCIPTSA-N",43.9393794269154,FALSE,NA,1,FALSE,TRUE,TRUE,FALSE,FALSE,TRUE,3
"IK_HUQABGDIJUXLRG-QHCPKHFHSA-N",43.9391529032961,FALSE,"up",1,FALSE,TRUE,TRUE,FALSE,FALSE,TRUE,3
"IK_XKBJVQHMEXMFDZ-UHFFFAOYSA-N",43.9376425968984,FALSE,NA,1,FALSE,TRUE,FALSE,FALSE,TRUE,TRUE,3
"IK_BSWHERGFUNMWGS-HAFWLYHUSA-N",43.9370308539914,FALSE,"up",1,FALSE,TRUE,FALSE,FALSE,FALSE,TRUE,2
"IK_MUAWGUDMTNCPGN-XVQMPNGWSA-N",43.9357031639172,FALSE,NA,1,FALSE,TRUE,TRUE,FALSE,FALSE,TRUE,3
"IK_VISUXPRSUNICAX-VYEFPUSRSA-N",43.9333344687148,FALSE,NA,1,FALSE,TRUE,TRUE,FALSE,FALSE,TRUE,3
"IK_AFKYRGZSSLJQQW-NOFZOIBWSA-N",43.9320740916394,FALSE,NA,1,FALSE,TRUE,TRUE,FALSE,FALSE,TRUE,3
"IK_BHWGKAVGUMMQIW-UVZRHDGTSA-N",43.9318264956273,FALSE,NA,1,FALSE,TRUE,TRUE,FALSE,FALSE,TRUE,3
"IK_BLIGKERFCBUUQF-QZNUWAOFSA-N",43.9310923532508,FALSE,NA,1,FALSE,TRUE,TRUE,FALSE,FALSE,TRUE,3
"IK_QLIUVBJPQMDRHV-NOFMHCOXSA-N",43.9235622598122,FALSE,NA,1,FALSE,TRUE,TRUE,FALSE,FALSE,TRUE,3
"IK_JURURWWWIUJJKP-YPMCRYBESA-N",43.9229584018786,FALSE,NA,1,FALSE,TRUE,TRUE,FALSE,FALSE,TRUE,3
"IK_OOOUXEXASBCJCE-ZESVVUHVSA-N",43.9177056299022,FALSE,NA,1,FALSE,TRUE,TRUE,FALSE,FALSE,TRUE,3
"IK_WUTUWOBPQRZDTP-IONAWPRUSA-N",43.9168330953068,FALSE,NA,1,FALSE,TRUE,TRUE,FALSE,FALSE,TRUE,3
"IK_AGLLGVGIYDAODS-PVCMTRMKSA-N",43.9156412431338,FALSE,NA,1,FALSE,TRUE,TRUE,FALSE,FALSE,TRUE,3
"IK_RHDRMOUSDQDVCE-IWRJKWNLSA-N",43.9128803025586,FALSE,NA,1,FALSE,TRUE,TRUE,FALSE,FALSE,TRUE,3
"IK_WKQRDJBOIJKXHO-OYJCLRQASA-N",43.9105864309693,FALSE,NA,1,FALSE,TRUE,TRUE,FALSE,FALSE,TRUE,3
"IK_NAYRRTXXROQWER-DBAXAXBNSA-N",43.9101423273296,FALSE,NA,1,FALSE,TRUE,TRUE,FALSE,FALSE,TRUE,3
"IK_QMLKZGPQQANVQF-HLMRNWPHSA-N",43.9095574063305,FALSE,NA,1,FALSE,TRUE,TRUE,FALSE,FALSE,TRUE,3
"IK_IZSQXJNSFOEMRP-FEOHXENLSA-N",43.9092679748225,FALSE,NA,1,FALSE,TRUE,TRUE,FALSE,FALSE,TRUE,3
"IK_SUMPVXIOAXRBIM-CXUAXNKESA-N",43.9082704004644,FALSE,NA,1,FALSE,TRUE,TRUE,FALSE,FALSE,TRUE,3
"IK_JPJFWRWQZROHJW-RSPSYKHISA-N",43.9068852119413,FALSE,NA,1,FALSE,TRUE,TRUE,FALSE,FALSE,TRUE,3
"IK_RUVRLYBAIUXQMP-HPVLHQIISA-N",43.9063436895592,FALSE,NA,1,FALSE,TRUE,TRUE,FALSE,FALSE,TRUE,3
"IK_UJCJWIHZUHMDIT-YQIUVMGYSA-N",43.9062093937571,FALSE,NA,1,FALSE,TRUE,TRUE,FALSE,FALSE,TRUE,3
"IK_YUERBWRPPIZVJK-MPANABRESA-N",43.9052811669255,FALSE,NA,1,FALSE,TRUE,TRUE,FALSE,FALSE,TRUE,3
"IK_FOBVMYJQWZOGGJ-XYRJXBATSA-N",43.9052001144208,FALSE,"up",1,FALSE,TRUE,FALSE,FALSE,FALSE,TRUE,2
"IK_YLQQLZOJRAJYEL-QSCHNALKSA-N",43.9050196869374,FALSE,NA,1,FALSE,TRUE,TRUE,FALSE,FALSE,TRUE,3
"IK_KRNKDESUFDXONA-PHQZTFDCSA-N",43.9024907652033,FALSE,NA,1,FALSE,TRUE,TRUE,FALSE,FALSE,TRUE,3
"IK_WUUWGORPQFKFQN-XDVOZUNOSA-N",43.901640455895,FALSE,NA,1,FALSE,TRUE,TRUE,FALSE,FALSE,TRUE,3
"IK_BDMFLHDYGLOXPR-UDJAPEQQSA-N",43.9001056119024,FALSE,NA,1,FALSE,TRUE,TRUE,FALSE,FALSE,TRUE,3
"IK_NBEADXWAAWCCDG-QDDWGVBQSA-N",43.8943714249103,FALSE,NA,1,FALSE,TRUE,TRUE,FALSE,FALSE,TRUE,3
"IK_QAXHWUAAPKHMGA-UHFFFAOYSA-N",43.8929790137037,FALSE,NA,1,FALSE,TRUE,TRUE,FALSE,FALSE,TRUE,3
"IK_KEMQGTRYUADPNZ-UHFFFAOYSA-N",43.8873139512007,FALSE,NA,1,FALSE,TRUE,FALSE,FALSE,TRUE,TRUE,3
"IK_CTRDFKIWJJWXFI-AVKVGXGOSA-N",43.8868887459187,FALSE,NA,1,FALSE,TRUE,TRUE,FALSE,FALSE,TRUE,3
"IK_ZSYMQFVRTIVMFA-JAHIUHDMSA-N",43.8542709311078,FALSE,"down",1,FALSE,TRUE,TRUE,FALSE,FALSE,TRUE,3
"IK_AJBBHZDIKZCZAI-UHFFFAOYSA-N",43.830928388756,FALSE,"up",1,FALSE,TRUE,FALSE,FALSE,FALSE,TRUE,2
"IK_WVMWZWGZRAXUBK-SYTVJDICSA-N",43.8224401915372,FALSE,"up",1,FALSE,TRUE,FALSE,FALSE,TRUE,TRUE,3
"IK_ZKLLSNQJRLJIGT-UYFOZJQFSA-N",43.8118299450136,FALSE,"up",1,FALSE,TRUE,FALSE,FALSE,TRUE,TRUE,3
"IK_VVUVJGRVEYHIHC-UHFFFAOYSA-N",43.7990976491854,FALSE,"up",1,FALSE,TRUE,FALSE,FALSE,FALSE,TRUE,2
"IK_KPGXRSRHYNQIFN-UHFFFAOYSA-L",43.79709566604,FALSE,NA,1,FALSE,TRUE,TRUE,TRUE,TRUE,TRUE,5
"IK_LOHIEGDVOARVPJ-NSCUHMNNSA-N",43.7906094519665,FALSE,"up",1,FALSE,TRUE,FALSE,FALSE,TRUE,TRUE,3
"IK_RGCBYGZECVEZKC-UHFFFAOYSA-N",43.7884874026618,FALSE,"up",1,FALSE,TRUE,FALSE,FALSE,FALSE,TRUE,2
"IK_XLHUBROMZOAQMV-UHFFFAOYSA-N",43.779999205443,FALSE,"down",1,FALSE,TRUE,FALSE,FALSE,TRUE,TRUE,3
"IK_BWKILASWCLJPBO-UHFFFAOYSA-N",43.7687045722285,FALSE,"up",1,FALSE,TRUE,FALSE,FALSE,FALSE,TRUE,2
"IK_IYJILWQAFPUBHP-UHFFFAOYSA-N",43.7587787123959,FALSE,"up",1,FALSE,TRUE,FALSE,TRUE,FALSE,TRUE,3
"IK_KCUYLQDWSWOANO-JHXSWNAYSA-N",43.7584734562073,FALSE,"up",1,FALSE,TRUE,TRUE,FALSE,FALSE,TRUE,3
"IK_MYVYPSWUSKCCHG-UHFFFAOYSA-N",43.7566566630912,FALSE,"up",1,FALSE,TRUE,FALSE,FALSE,FALSE,TRUE,2
"NO_INCHIKEY__pc 36 6e",43.7565752618348,FALSE,"down",1,FALSE,FALSE,FALSE,FALSE,FALSE,FALSE,0
"IK_FQKKPLXFGDCBJT-UHFFFAOYSA-N",43.7460464165677,FALSE,"up",1,FALSE,TRUE,FALSE,FALSE,FALSE,TRUE,2
"IK_NBIIXXVUZAFLBC-UHFFFAOYSA-N",43.742953259954,FALSE,"up",1,FALSE,TRUE,FALSE,FALSE,TRUE,TRUE,3
"IK_WTJKGGKOPKCXLL-VYOBOKEXSA-N",43.7326725698834,FALSE,"up",2,FALSE,TRUE,FALSE,FALSE,FALSE,TRUE,2
"IK_QWXGXDFYLSOKRF-UHFFFAOYSA-N",43.7288812280267,FALSE,"up",1,FALSE,TRUE,TRUE,FALSE,FALSE,TRUE,3
"IK_NDSZHILVESJDPU-NZRYSPDRSA-N",43.7248259235206,FALSE,"up",1,FALSE,TRUE,FALSE,FALSE,FALSE,TRUE,2
"IK_ZTZQZGHJLWFLFQ-VZBWJDOASA-N",43.7248259235206,FALSE,"down",1,FALSE,TRUE,FALSE,FALSE,FALSE,TRUE,2
"IK_VVHOUVWJCQOYGG-REOHCLBHSA-N",43.7171288164582,FALSE,"up",1,FALSE,TRUE,TRUE,TRUE,FALSE,TRUE,4
"IK_LXYZKMJJLXYZTE-RKQHYHRCSA-N",43.7036054304735,FALSE,"up",1,FALSE,TRUE,FALSE,FALSE,FALSE,TRUE,2
"IK_GXAMYUGOODKVRM-UHFFFAOYSA-N",43.6929951839499,FALSE,"up",1,FALSE,TRUE,FALSE,FALSE,FALSE,TRUE,2
"IK_WNSUMUNACHNURC-UHFFFAOYSA-N",43.6823849374264,FALSE,"up",1,FALSE,TRUE,FALSE,FALSE,FALSE,TRUE,2
"IK_QUCHWTCTBHQQDU-UHFFFAOYSA-N",43.663286493684,FALSE,"up",1,FALSE,TRUE,FALSE,FALSE,TRUE,TRUE,3
"IK_USWXDXYEVISELK-UHFFFAOYSA-N",43.6526762471605,FALSE,"down",1,FALSE,TRUE,FALSE,TRUE,FALSE,TRUE,3
"IK_NYRDUZVMRXFKRA-KCHFORSBSA-N",43.6420660006369,FALSE,"down",1,FALSE,TRUE,TRUE,FALSE,FALSE,TRUE,3
"IK_FCLOZPWDDCBDAQ-BELBSWHZSA-N",43.6102352610663,FALSE,"down",1,FALSE,TRUE,TRUE,FALSE,FALSE,TRUE,3
"IK_CWJQQASJVVAXKL-UHFFFAOYSA-N",43.597502965238,FALSE,"up",1,FALSE,TRUE,FALSE,FALSE,FALSE,TRUE,2
"IK_ZDXMLEQEMNLCQG-UHFFFAOYSA-N",43.5904782502983,FALSE,"down",1,FALSE,TRUE,FALSE,FALSE,TRUE,TRUE,3
"IK_BKASXWPLSXFART-YUMQZZPRSA-N",43.5807737998456,FALSE,"down",1,FALSE,TRUE,TRUE,FALSE,FALSE,TRUE,3
"IK_AFENDNXGAFYKQO-UHFFFAOYSA-N",43.5731141820439,FALSE,"up",2,FALSE,TRUE,FALSE,FALSE,TRUE,TRUE,3
"IK_KKADPXVIOXHVKN-UHFFFAOYSA-N",43.5622998832512,FALSE,"up",2,FALSE,TRUE,FALSE,FALSE,FALSE,TRUE,2
"IK_VCMMXZQDRFWYSE-UHFFFAOYSA-N",43.5571840284486,FALSE,"up",1,FALSE,TRUE,FALSE,FALSE,TRUE,TRUE,3
"IK_RWVIMCIPOAXUDG-UHFFFAOYSA-N",43.5550619791439,FALSE,"down",1,FALSE,TRUE,FALSE,FALSE,FALSE,TRUE,2
"NO_INCHIKEY__tripeptide cys lys his",43.5405003304667,FALSE,"down",1,FALSE,TRUE,FALSE,FALSE,FALSE,FALSE,1
"NO_INCHIKEY__tripeptide leu ile asp arg gln gln lys arg val glu val val trp",43.5405003304667,FALSE,"down",1,FALSE,TRUE,FALSE,FALSE,FALSE,FALSE,1
"IK_BTJIUGUIPKRLHP-UHFFFAOYSA-N",43.525353288878,FALSE,"up",1,FALSE,TRUE,FALSE,FALSE,TRUE,TRUE,3
"IK_RDTOURARQPNLFK-UHFFFAOYSA-N",43.5232312395733,FALSE,"up",1,FALSE,TRUE,FALSE,FALSE,FALSE,TRUE,2
"IK_XGLZBINKZRQAPD-OTMYLMJASA-N",43.5147430423544,FALSE,"down",1,FALSE,TRUE,TRUE,FALSE,FALSE,TRUE,3
"IK_PUEDDPCUCPRQNY-ZYUZMQFOSA-N",43.5020107465262,FALSE,"down",1,FALSE,TRUE,FALSE,FALSE,FALSE,TRUE,2
"IK_FVMDYYGIDFPZAX-UHFFFAOYSA-N",43.4841372148431,FALSE,"up",2,FALSE,TRUE,FALSE,TRUE,TRUE,TRUE,4
"IK_MULVVBYNDZRKPA-XCZWIQLXSA-N",43.4723020562602,FALSE,"up",1,FALSE,TRUE,TRUE,FALSE,FALSE,TRUE,3
"IK_IPVQLZZIHOAWMC-QXKUPLGCSA-N",43.4616918097367,FALSE,"up",1,FALSE,TRUE,FALSE,FALSE,TRUE,TRUE,3
"IK_REFJWTPEDVJJIY-UHFFFAOYSA-N",43.4415915655871,FALSE,"down",1,FALSE,TRUE,FALSE,FALSE,TRUE,TRUE,3
"IK_XJODGRWDFZVTKW-UHFFFAOYSA-N",43.4277390208614,FALSE,"up",1,FALSE,TRUE,FALSE,FALSE,FALSE,TRUE,2
"NO_INCHIKEY__flavanoid",43.4155555308878,FALSE,"down",1,FALSE,TRUE,FALSE,FALSE,FALSE,FALSE,1
"IK_PMZDQRJGMBOQBF-UHFFFAOYSA-N",43.408640577119,FALSE,"up",1,FALSE,TRUE,FALSE,FALSE,TRUE,TRUE,3
"IK_ABFZMYIIUREPLL-ASWJIRIHSA-N",43.3980303305954,FALSE,"up",1,FALSE,TRUE,FALSE,TRUE,FALSE,TRUE,3
"UNKNOWN_ROW__24167579__unknown_168",43.390566570972,FALSE,"down",1,FALSE,FALSE,FALSE,FALSE,FALSE,FALSE,0
"IK_DDUHZTYCFQRHIY-UHFFFAOYSA-N",43.3768098375484,FALSE,"up",1,FALSE,TRUE,FALSE,FALSE,TRUE,TRUE,3
"IK_QHWZTVCCBMIIKE-SHYZEUOFSA-N",43.3768098375484,FALSE,"up",1,FALSE,TRUE,FALSE,FALSE,TRUE,TRUE,3
"IK_IJPRFXKJWFQONJ-UHFFFAOYSA-N",43.3746877882436,FALSE,"down",1,FALSE,TRUE,FALSE,FALSE,FALSE,TRUE,2
"IK_VNGUCOGHCJHFID-FLZFTVBESA-N",43.3661995910248,FALSE,"up",1,FALSE,TRUE,FALSE,FALSE,TRUE,TRUE,3
"IK_MFYFKAXYRXODPL-UHFFFAOYSA-N",43.3640775417201,FALSE,"down",1,FALSE,TRUE,FALSE,FALSE,FALSE,TRUE,2
"IK_AGPKZVBTJJNPAG-WHFBIAKZSA-N",43.3514315050411,FALSE,"up",2,FALSE,TRUE,TRUE,TRUE,TRUE,TRUE,5
"IK_RRKQXBKNDQFCNC-MTGPGUOHSA-N",43.3469849432413,FALSE,"down",1,FALSE,TRUE,TRUE,FALSE,FALSE,TRUE,3
"IK_XVOUMQNXTGKGMA-OWOJBTEDSA-N",43.3449790979777,FALSE,"up",1,FALSE,TRUE,FALSE,FALSE,TRUE,TRUE,3
"IK_ZBHYMNYETSSWIX-RMKNXTFCSA-N",43.3322468021495,FALSE,"up",1,FALSE,TRUE,FALSE,FALSE,FALSE,TRUE,2
"IK_LGHBWDKMGOIZKH-CBZIJGRNSA-N",43.2707073723129,FALSE,"up",1,FALSE,TRUE,FALSE,FALSE,TRUE,TRUE,3
"IK_ROHFNLRQFUQHCH-YFKPBYRVSA-N",43.2685967191982,FALSE,"up",2,FALSE,TRUE,FALSE,TRUE,TRUE,TRUE,4
"IK_JLVSPVFPBBFMBE-HXSWCURESA-N",43.2685853230082,FALSE,"down",1,FALSE,TRUE,FALSE,FALSE,FALSE,TRUE,2
"IK_VVQVMHASNBSOOC-UHFFFAOYSA-N",43.2546194077963,FALSE,"up",1,FALSE,TRUE,FALSE,FALSE,FALSE,TRUE,2
"IK_SHXWCVYOXRDMCX-UHFFFAOYSA-N",43.2473648299611,FALSE,"down",1,FALSE,TRUE,FALSE,FALSE,FALSE,TRUE,2
"IK_PANDRCFROUDETH-YLSOAJEOSA-N",43.2388766327423,FALSE,"up",1,FALSE,TRUE,FALSE,FALSE,TRUE,TRUE,3
"IK_CZMRCDWAGMRECN-UGDNZRGBSA-N",43.2033567264065,FALSE,"up",1,FALSE,TRUE,FALSE,FALSE,TRUE,TRUE,3
"IK_DYLPGCSNPAWWBL-QARITTFUSA-N",43.1964356466481,FALSE,"down",1,FALSE,TRUE,TRUE,FALSE,FALSE,TRUE,3
"IK_GBOGMAARMMDZGR-TYHYBEHESA-N",43.1858254001246,FALSE,"up",1,FALSE,TRUE,FALSE,FALSE,TRUE,TRUE,3
"IK_KUVXQAWMEHTXOV-UHFFFAOYSA-N",43.1837033508199,FALSE,"up",1,FALSE,TRUE,FALSE,FALSE,FALSE,TRUE,2
"IK_YALFFHSIVPCNLF-QPSCCSFWSA-N",43.1646049070775,FALSE,"down",1,FALSE,TRUE,FALSE,FALSE,TRUE,TRUE,3
"UNKNOWN_ROW__24167579__unknown_86",43.1406769718141,FALSE,"down",1,FALSE,FALSE,FALSE,FALSE,FALSE,FALSE,0
"IK_PMOWTIHVNWZYFI-AATRIKPKSA-N",43.1348962168116,FALSE,"up",1,FALSE,TRUE,TRUE,FALSE,TRUE,TRUE,4
"IK_LIHDYIAAKPQZSN-UHFFFAOYSA-N",43.1221639209833,FALSE,"up",1,FALSE,TRUE,FALSE,FALSE,TRUE,TRUE,3
"IK_GBJKHDVRXAVITG-UNPOXIGHSA-N",43.1115536744598,FALSE,"down",1,FALSE,TRUE,FALSE,FALSE,TRUE,TRUE,3
"IK_LJIRBXZDQGQUOO-KVTDHHQDSA-N",43.1094316251551,FALSE,"up",1,FALSE,TRUE,FALSE,FALSE,FALSE,TRUE,2
"IK_MSUMOHDXPKCNSB-CUOJZFFHSA-N",43.0988213786315,FALSE,"up",1,FALSE,TRUE,FALSE,FALSE,FALSE,TRUE,2
"IK_ONYIYPVBLNPMLB-UHFFFAOYSA-N",43.0797229348892,FALSE,"down",1,FALSE,TRUE,TRUE,FALSE,FALSE,TRUE,3
"IK_JXCOSKURGJMQSG-AZQJGLEESA-N",43.0691126883656,FALSE,"down",1,FALSE,TRUE,FALSE,FALSE,TRUE,TRUE,3
"IK_WSVLPVUVIUVCRA-HPKHWNBYSA-N",43.0675847326607,FALSE,"up",1,FALSE,TRUE,TRUE,FALSE,FALSE,TRUE,3
"IK_MDWXOTLIYUYWJP-UHFFFAOYSA-N",43.0563803925374,FALSE,"up",1,FALSE,TRUE,FALSE,FALSE,FALSE,TRUE,2
"IK_IHNKQIMGVNPMTC-RUZDIDTESA-N",43.0478921953185,FALSE,"up",1,FALSE,TRUE,FALSE,TRUE,FALSE,TRUE,3
"NO_INCHIKEY__possible prenol lipid",43.0407211321509,FALSE,"down",1,FALSE,TRUE,FALSE,FALSE,FALSE,FALSE,1
"IK_XUUMFDUVFVNHSM-CMDGGOBGSA-N",43.0351598994903,FALSE,"up",1,FALSE,TRUE,FALSE,FALSE,FALSE,TRUE,2
"IK_XJMMNTGIMDZPMU-UHFFFAOYSA-N",43.0288941048464,FALSE,"up",2,FALSE,TRUE,FALSE,FALSE,TRUE,TRUE,3
"IK_UKAUDTTVOAAZHC-UHFFFAOYSA-N",43.017915673587,FALSE,"down",1,FALSE,TRUE,TRUE,FALSE,FALSE,TRUE,3
"IK_IGJKYDBBINVMLH-JXRLJXCWSA-N",43.0160614557479,FALSE,"up",1,FALSE,TRUE,TRUE,FALSE,FALSE,TRUE,3
"IK_DNSSEQBYSHSUGR-UHFFFAOYSA-N",42.9821086668726,FALSE,"up",1,FALSE,TRUE,FALSE,FALSE,FALSE,TRUE,2
"IK_HJOVHMDZYOCNQW-UHFFFAOYSA-N",42.9651322724349,FALSE,"up",1,FALSE,TRUE,FALSE,TRUE,TRUE,TRUE,4
"IK_PHMBVCPLDPDESM-FKSUSPILSA-N",42.9630102231302,FALSE,"down",1,FALSE,TRUE,FALSE,FALSE,TRUE,TRUE,3
"IK_CNAWLBRCOTWCNV-UHFFFAOYSA-N",42.9608881738255,FALSE,"down",1,FALSE,TRUE,FALSE,FALSE,FALSE,TRUE,2
"IK_KOCKWDDTAHPJSX-UHFFFAOYSA-N",42.9334869546482,FALSE,"down",1,FALSE,TRUE,FALSE,FALSE,FALSE,TRUE,2
"IK_MMBIABUYJUHFAK-XRYCYFGJSA-N",42.9099589905125,FALSE,"up",1,FALSE,TRUE,TRUE,FALSE,FALSE,TRUE,3
"IK_RSPURTUNRHNVGF-IOSLPCCCSA-N",42.9078369412078,FALSE,"up",1,FALSE,TRUE,FALSE,FALSE,FALSE,TRUE,2
"IK_XGRLSUFHELJJAB-KVVVOXFISA-M",42.8993487439889,FALSE,"up",1,FALSE,TRUE,TRUE,FALSE,FALSE,TRUE,3
"IK_QYIXCDOBOSTCEI-KKFSNPNRSA-N",42.8972266946842,FALSE,"down",1,FALSE,TRUE,FALSE,FALSE,FALSE,TRUE,2
"IK_JVGVDSSUAVXRDY-UHFFFAOYSA-N",42.8675180044183,FALSE,"up",1,FALSE,TRUE,FALSE,FALSE,TRUE,TRUE,3
"IK_JBKVHLHDHHXQEQ-UHFFFAOYSA-N",42.8569077578948,FALSE,"up",1,FALSE,TRUE,FALSE,FALSE,TRUE,TRUE,3
"IK_SAWKFRBJGLMMES-UHFFFAOYSA-N",42.8526474573796,FALSE,"up",1,FALSE,TRUE,TRUE,FALSE,FALSE,TRUE,3
"IK_CKDDRHZIAZRDBW-UHFFFAOYSA-N",42.8453361653191,FALSE,"down",1,FALSE,TRUE,FALSE,FALSE,FALSE,TRUE,2
"IK_IXVMHGVQKLDRKH-QHBHMFGVSA-N",42.8441754620665,FALSE,"up",1,FALSE,TRUE,FALSE,FALSE,FALSE,TRUE,2
"IK_SRXKAYJJGAAOBP-UHFFFAOYSA-N",42.833565215543,FALSE,"up",1,FALSE,TRUE,FALSE,FALSE,FALSE,TRUE,2
"IK_RKOUCPMGBBKLNK-UHFFFAOYSA-N",42.8250770183241,FALSE,"up",1,FALSE,TRUE,FALSE,FALSE,TRUE,TRUE,3
"IK_ROARNVGCLDIFFV-PEZBUJJGSA-N",42.8144667718006,FALSE,"down",1,FALSE,TRUE,TRUE,FALSE,FALSE,TRUE,3
"IK_OBMDBUWMBOPDST-JJDRJQAMSA-N",42.8071918383216,FALSE,"up",1,FALSE,TRUE,TRUE,FALSE,FALSE,TRUE,3
"IK_HJZMWAMKWAKZAR-NJSWGWQKSA-N",42.803856525277,FALSE,"up",1,FALSE,TRUE,TRUE,FALSE,FALSE,TRUE,3
"IK_RJTCYGBFKSOFPL-UHFFFAOYSA-N",42.8017344759723,FALSE,"down",1,FALSE,TRUE,FALSE,FALSE,FALSE,TRUE,2
"IK_NIOYUNMRJMEDGI-UHFFFAOYSA-N",42.7720257857064,FALSE,"up",1,FALSE,TRUE,FALSE,FALSE,TRUE,TRUE,3
"IK_ACXPNSWGVZLPRG-UHFFFAOYSA-N",42.7699037364017,FALSE,"up",1,FALSE,TRUE,FALSE,FALSE,FALSE,TRUE,2
"IK_PHERGCZDWYMUOF-DEOSSOPVSA-N",42.7614155391829,FALSE,"up",1,FALSE,TRUE,TRUE,FALSE,FALSE,TRUE,3
"IK_CPHVNLRAJPTYSD-UHFFFAOYSA-N",42.7592934898782,FALSE,"up",1,FALSE,TRUE,FALSE,FALSE,FALSE,TRUE,2
"IK_ATHGHQPFGPMSJY-UHFFFAOYSA-N",42.7591271240097,FALSE,"up",1,FALSE,TRUE,FALSE,FALSE,TRUE,TRUE,3
"IK_SWTKBYSXMULFHZ-SMILAEQMSA-N",42.7486832433546,FALSE,"up",1,FALSE,TRUE,FALSE,FALSE,FALSE,TRUE,2
"IK_ZSANYRMTSBBUCA-UHFFFAOYSA-N",42.7364866104576,FALSE,"up",1,FALSE,TRUE,TRUE,FALSE,FALSE,TRUE,3
"IK_YPUCCOVOHHZJPR-GDGIDMNUSA-N",42.7295847996122,FALSE,"down",1,FALSE,TRUE,TRUE,FALSE,FALSE,TRUE,3
"IK_MUMXFARPYQTTSL-BQBZGAKWSA-N",42.7198055850879,FALSE,"up",1,FALSE,TRUE,FALSE,FALSE,FALSE,TRUE,2
"IK_FLCQLSRLQIPNLM-UHFFFAOYSA-N",42.7189745530887,FALSE,"up",1,FALSE,TRUE,FALSE,TRUE,FALSE,TRUE,3
"IK_GGNQRNBDZQJCCN-UHFFFAOYSA-N",42.7097616762353,FALSE,"down",1,FALSE,TRUE,FALSE,FALSE,TRUE,TRUE,3
"IK_SLWSQPYUSBXANQ-BAJZRUMYSA-N",42.6956320107369,FALSE,"up",1,FALSE,TRUE,FALSE,FALSE,FALSE,TRUE,2
"IK_XMYFJYXXQPMWED-VQHVLOKHSA-N",42.6850217642134,FALSE,"down",1,FALSE,TRUE,FALSE,FALSE,FALSE,TRUE,2
"IK_CCNIABLYZAMGDC-UHFFFAOYSA-N",42.6655162556978,FALSE,"down",1,FALSE,TRUE,FALSE,FALSE,FALSE,TRUE,2
"IK_IZZIWIAOVZOBLF-UHFFFAOYSA-N",42.6524465073935,FALSE,"up",1,FALSE,TRUE,FALSE,FALSE,FALSE,TRUE,2
"IK_FJFKQAOJHHCXEK-UHFFFAOYSA-N",42.6520578915188,FALSE,"down",1,FALSE,TRUE,FALSE,FALSE,FALSE,TRUE,2
"IK_MPDGHEJMBKOTSU-YKLVYJNSSA-N",42.6447028274239,FALSE,"up",1,FALSE,TRUE,FALSE,FALSE,TRUE,TRUE,3
"IK_QPHPUQJVKQXISS-UHFFFAOYSA-N",42.6425807781192,FALSE,"up",1,FALSE,TRUE,FALSE,FALSE,FALSE,TRUE,2
"IK_WSGVTKZFVJSJOG-RCOVLWMOSA-N",42.6425807781192,FALSE,"up",1,FALSE,TRUE,FALSE,FALSE,FALSE,TRUE,2
"UNKNOWN_ROW__24167579__unknown_176",42.6408977734982,FALSE,"down",1,FALSE,FALSE,FALSE,FALSE,FALSE,FALSE,0
"UNKNOWN_ROW__24167579__unknown_196",42.6408977734982,FALSE,"down",1,FALSE,FALSE,FALSE,FALSE,FALSE,FALSE,0
"IK_WOODKECARRKLJJ-DIJRFRLPSA-N",42.6319705315956,FALSE,"up",1,FALSE,TRUE,FALSE,FALSE,FALSE,TRUE,2
"IK_UPUWBGZZDIUZQD-UHFFFAOYSA-N",42.6236374088409,FALSE,"down",1,FALSE,TRUE,FALSE,FALSE,FALSE,TRUE,2
"IK_IQGPMZRCLCCXAG-RUZDIDTESA-N",42.6234823343768,FALSE,"down",1,FALSE,TRUE,TRUE,FALSE,FALSE,TRUE,3
"IK_JGUNZIWGNMQSBM-SIGMCMEVSA-N",42.6213602850721,FALSE,"up",1,FALSE,TRUE,FALSE,FALSE,FALSE,TRUE,2
"IK_RJHNVFKNIJQTQF-LMIBIYGPSA-N",42.6022618413297,FALSE,"up",1,FALSE,TRUE,TRUE,FALSE,FALSE,TRUE,3
"IK_GTPATKZCXDKGQS-UHFFFAOYSA-N",42.5789192989779,FALSE,"up",1,FALSE,TRUE,FALSE,FALSE,FALSE,TRUE,2
"IK_ROHFNLRQFUQHCH-UHFFFAOYNA-N",42.5778000807353,FALSE,"up",2,FALSE,TRUE,TRUE,FALSE,TRUE,TRUE,4
"IK_QCGUXAIDEOWPBV-SNKLRXETSA-N",42.5704311017591,FALSE,"down",1,FALSE,TRUE,TRUE,FALSE,FALSE,TRUE,3
"IK_QUNWUDVFRNGTCO-UHFFFAOYSA-N",42.5615141889562,FALSE,"up",2,FALSE,TRUE,FALSE,TRUE,TRUE,TRUE,4
"IK_FNRBOAGVUNHDIL-LMZUXBMISA-N",42.549210608712,FALSE,"up",1,FALSE,TRUE,FALSE,FALSE,TRUE,TRUE,3
"IK_JXDFEUKNHBHUCP-UHFFFAOYSA-N",42.5364783128838,FALSE,"up",1,FALSE,TRUE,FALSE,FALSE,FALSE,TRUE,2
"IK_YCCILVSKPBXVIP-UHFFFAOYSA-N",42.5195019184461,FALSE,"up",1,FALSE,TRUE,FALSE,TRUE,TRUE,TRUE,4
"UNKNOWN_ROW__24167579__unknown_105",42.5159529739192,FALSE,"down",1,FALSE,FALSE,FALSE,FALSE,FALSE,FALSE,0
"IK_XCRLPASVMPBQHF-FQEVSTJZSA-N",42.5152578198367,FALSE,"up",1,FALSE,TRUE,FALSE,FALSE,FALSE,TRUE,2
"IK_DJZCTUVALDDONK-HQMSUKCRSA-N",42.5067696226178,FALSE,"up",1,FALSE,TRUE,FALSE,FALSE,TRUE,TRUE,3
"IK_KTSUCMSACGPDKE-UHFFFAOYSA-N",42.5046475733131,FALSE,"up",1,FALSE,TRUE,FALSE,FALSE,FALSE,TRUE,2
"IK_NEGQHKSYEYVFTD-HSZRJFAPSA-N",42.4961593760943,FALSE,"down",1,FALSE,TRUE,TRUE,FALSE,FALSE,TRUE,3
"IK_TXHCDEYHZPHRAC-UHFFFAOYSA-N",42.4537183900001,FALSE,"down",1,FALSE,TRUE,TRUE,FALSE,FALSE,TRUE,3
"IK_DZPKSVTWWIZUMS-FPUNCOTOSA-N",42.4431081434766,FALSE,"down",1,FALSE,TRUE,TRUE,FALSE,FALSE,TRUE,3
"IK_FFDNVMGPKVVVOG-JCTPYMPQSA-N",42.4409860941719,FALSE,"up",1,FALSE,TRUE,FALSE,FALSE,FALSE,TRUE,2
"IK_PBLNHHSDYFYZNC-UHFFFAOYSA-N",42.4409860941719,FALSE,"up",1,FALSE,TRUE,FALSE,FALSE,FALSE,TRUE,2
"IK_WXAADESEYPIPOB-GLRKTWBISA-N",42.432497896953,FALSE,"up",1,FALSE,TRUE,TRUE,FALSE,FALSE,TRUE,3
"IK_NYPJDWWKZLNGGM-UHFFFAOYSA-N",42.4218876504295,FALSE,"up",1,FALSE,TRUE,FALSE,FALSE,TRUE,TRUE,3
"IK_XCGYUJZMCCFSRP-UHFFFAOYSA-N",42.4112774039059,FALSE,"up",1,FALSE,TRUE,FALSE,FALSE,TRUE,TRUE,3
"IK_WGGPVIRCYGIRPH-XHATVUSISA-N",42.4006671573824,FALSE,"up",1,FALSE,TRUE,TRUE,FALSE,FALSE,TRUE,3
"IK_QVMUHZHZYCDMAI-RYUDHWBXSA-N",42.3985451080777,FALSE,"up",1,FALSE,TRUE,FALSE,FALSE,FALSE,TRUE,2
"IK_UDBXKKKIEXMSEA-XKKGNKCGSA-N",42.3900569108589,FALSE,"down",1,FALSE,TRUE,TRUE,FALSE,FALSE,TRUE,3
"IK_IXRPKRWXUJOOBZ-AVMVYAPKSA-N",42.3879348615542,FALSE,"up",1,FALSE,TRUE,FALSE,FALSE,FALSE,TRUE,2
"IK_JNUGGJHCMRWUDV-FMMPLYQGSA-N",42.3773246150306,FALSE,"down",1,FALSE,TRUE,FALSE,FALSE,FALSE,TRUE,2
"IK_WJXQFVMTIGJBFX-UHFFFAOYSA-N",42.3706288283895,FALSE,"down",1,FALSE,TRUE,FALSE,FALSE,FALSE,TRUE,2
"IK_WZCLAXMADUBPSG-RIXBAXMTSA-N",42.3688364178118,FALSE,"down",1,FALSE,TRUE,TRUE,FALSE,FALSE,TRUE,3
"IK_UVZTZBRGZXIBLZ-UHFFFAOYSA-N",42.3667143685071,FALSE,"up",1,FALSE,TRUE,FALSE,FALSE,FALSE,TRUE,2
"IK_PTBQWWHUOMDVFS-UHFFFAOYSA-N",42.3561041219835,FALSE,"up",1,FALSE,TRUE,FALSE,FALSE,FALSE,TRUE,2
"IK_HQRWPYNQQYEQRQ-ORWZVCRDSA-N",42.3476159247647,FALSE,"down",1,FALSE,TRUE,FALSE,FALSE,TRUE,TRUE,3
"IK_YFMPSMITLLBENU-UHFFFAOYSA-N",42.3160412945929,FALSE,"down",1,FALSE,TRUE,FALSE,FALSE,FALSE,TRUE,2
"IK_JZWNYZVVZXZRRH-MDZDMXLPSA-N",42.3157851851941,FALSE,"up",1,FALSE,TRUE,FALSE,TRUE,FALSE,TRUE,3
"IK_ORXKASWXOVPKDV-UBWBUNFISA-N",42.3030528893658,FALSE,"up",1,FALSE,TRUE,FALSE,FALSE,FALSE,TRUE,2
"IK_KGPNNIOVWVIXOR-UHFFFAOYSA-N",42.294564692147,FALSE,"down",1,FALSE,TRUE,FALSE,TRUE,FALSE,TRUE,3
"IK_BJBUEDPLEOHJGE-IMJSIDKUSA-N",42.2839544456234,FALSE,"up",1,FALSE,TRUE,FALSE,FALSE,TRUE,TRUE,3
"IK_JEVKBGCAIMLFMA-KZXHGTAESA-N",42.2733441990999,FALSE,"up",1,FALSE,TRUE,TRUE,FALSE,FALSE,TRUE,3
"IK_QQQQNYAHSSIZBU-HIQXTUQZSA-N",42.2627339525763,FALSE,"down",1,FALSE,TRUE,TRUE,FALSE,FALSE,TRUE,3
"IK_AWLYBJONQDYQAK-QTJNYWJXSA-N",42.2606119032716,FALSE,"up",1,FALSE,TRUE,FALSE,FALSE,FALSE,TRUE,2
"IK_XBKGKVBBQAVORB-DVCDPERKSA-N",42.2521237060528,FALSE,"up",1,FALSE,TRUE,TRUE,FALSE,FALSE,TRUE,3
"IK_UUILWXIBBZVJDU-UHFFFAOYSA-N",42.2500016567481,FALSE,"up",1,FALSE,TRUE,FALSE,FALSE,FALSE,TRUE,2
"IK_FIXDIFPJOFIIEC-RITPCOANSA-N",42.2393914102245,FALSE,"up",1,FALSE,TRUE,FALSE,FALSE,FALSE,TRUE,2
"IK_VFLYULAVOFVIAM-RRDRPCBCSA-N",42.2309032130057,FALSE,"down",1,FALSE,TRUE,FALSE,TRUE,FALSE,TRUE,3
"IK_ZFFFJLDTCLJDHL-UHFFFAOYSA-N",42.228781163701,FALSE,"up",1,FALSE,TRUE,FALSE,FALSE,FALSE,TRUE,2
"IK_XSQUKJJJFZCRTK-UHFFFAOYSA-N",42.2198973301711,FALSE,"up",1,FALSE,TRUE,TRUE,FALSE,TRUE,TRUE,4
"IK_FSEUPUDHEBLWJY-HWKANZROSA-N",42.2181709171775,FALSE,"up",1,FALSE,TRUE,FALSE,FALSE,FALSE,TRUE,2
"IK_FUGYGGDSWSUORM-UHFFFAOYSA-N",42.2160854549297,FALSE,"down",1,FALSE,TRUE,FALSE,FALSE,TRUE,TRUE,3
"IK_ZKQOUHVVXABNDG-IUCAKERBSA-N",42.2096827199586,FALSE,"up",1,FALSE,TRUE,FALSE,FALSE,TRUE,TRUE,3
"IK_KQXKVJAGOJTNJS-HNNXBMFYSA-N",42.2056910009995,TRUE,"up",2,TRUE,TRUE,FALSE,FALSE,TRUE,TRUE,3
"IK_BDKXLTOHYQEAIO-RSLHMRQOSA-N",42.2027790731567,FALSE,"up",1,FALSE,TRUE,TRUE,TRUE,FALSE,TRUE,4
"IK_NWVJXHCRPZDUPG-WYGAFBEVSA-N",42.1990724734351,FALSE,"up",1,FALSE,TRUE,FALSE,TRUE,FALSE,TRUE,3
"IK_GKZIWHRNKRBEOH-HOTGVXAUSA-N",42.1906685223392,FALSE,"down",1,FALSE,TRUE,FALSE,FALSE,TRUE,TRUE,3
"IK_KSMRODHGGIIXDV-YFKPBYRVSA-N",42.1884622269115,FALSE,"down",1,FALSE,TRUE,FALSE,TRUE,FALSE,TRUE,3
"IK_WHUUTDBJXJRKMK-UXXIZXEISA-N",42.173628484199,FALSE,"up",1,FALSE,TRUE,TRUE,FALSE,FALSE,TRUE,3
"IK_ZJUKTBDSGOFHSH-WFMPWKQPSA-N",42.1566314873409,FALSE,"up",1,FALSE,TRUE,FALSE,FALSE,TRUE,TRUE,3
"IK_OTBMMWCXBVNALT-AMOZBRKMSA-N",42.1460212408174,FALSE,"down",1,FALSE,TRUE,TRUE,FALSE,FALSE,TRUE,3
"IK_XMIFBEZRFMTGRL-TURQNECASA-N",42.1438991915127,FALSE,"up",1,FALSE,TRUE,FALSE,FALSE,FALSE,TRUE,2
"IK_IWJBVMJWSPZNJH-UQGZVRACSA-N",42.1411553268496,FALSE,"up",1,FALSE,TRUE,FALSE,FALSE,FALSE,TRUE,2
"IK_MJEVTNQRFPLLCH-QECOYPFHSA-N",42.1354109942938,FALSE,"down",1,FALSE,TRUE,TRUE,FALSE,FALSE,TRUE,3
"IK_ZYOPDNLIHHFGEC-FNORWQNLSA-N",42.1332889449891,FALSE,"down",1,FALSE,TRUE,FALSE,FALSE,FALSE,TRUE,2
"IK_LHEGPXCSOZGQCV-AXQAKGHFSA-N",42.1226786984656,FALSE,"down",1,FALSE,TRUE,FALSE,FALSE,FALSE,TRUE,2
"IK_HIAJCGFYHIANNA-QIZZZRFXSA-N",42.1135987020077,FALSE,"up",1,FALSE,TRUE,FALSE,TRUE,FALSE,TRUE,3
"IK_LSVHZFZMMXHHBS-MNBASXMYSA-N",42.090847958895,FALSE,"up",1,FALSE,TRUE,FALSE,FALSE,FALSE,TRUE,2
"IK_JWICNZAGYSIBAR-UHFFFAOYSA-N",42.0802377123714,FALSE,"up",1,FALSE,TRUE,FALSE,FALSE,FALSE,TRUE,2
"IK_NDEFPWCNVUSOMM-ARZPVTGOSA-N",42.0717495151526,FALSE,"down",1,FALSE,TRUE,TRUE,FALSE,FALSE,TRUE,3
"IK_NXJAXUYOQLTISD-UHFFFAOYSA-N",42.0696274658479,FALSE,"up",1,FALSE,TRUE,FALSE,FALSE,FALSE,TRUE,2
"IK_WWZKQHOCKIZLMA-UHFFFAOYSA-M",42.0505290221055,FALSE,"down",1,FALSE,TRUE,FALSE,FALSE,TRUE,TRUE,3
"IK_IGTMFIJOUADBDC-UHFFFAOYSA-N",42.0399187755819,FALSE,"up",1,FALSE,TRUE,FALSE,TRUE,FALSE,TRUE,3
"IK_LKDRXBCSQODPBY-VRPWFDPXSA-N",42.0390645608195,FALSE,"up",2,FALSE,TRUE,FALSE,FALSE,TRUE,TRUE,3
"IK_MFXYPCMYAZAZDX-UHFFFAOYSA-N",42.0377967262772,FALSE,"up",1,FALSE,TRUE,FALSE,FALSE,FALSE,TRUE,2
"IK_XYYHNDVKALDFHQ-OXHZBIAZSA-N",42.0293085290584,FALSE,"down",1,FALSE,TRUE,TRUE,FALSE,FALSE,TRUE,3
"IK_BJSNGVYBQJIGRT-UHFFFAOYSA-N",42.0271864797537,FALSE,"down",1,FALSE,TRUE,FALSE,FALSE,FALSE,TRUE,2
"IK_VHRUMKCAEVRUBK-WKELIDJCSA-N",42.0186982825349,FALSE,"up",1,FALSE,TRUE,TRUE,FALSE,FALSE,TRUE,3
"IK_WYKHFQKONWMWQM-UHFFFAOYSA-N",42.0165762332302,FALSE,"down",1,FALSE,TRUE,FALSE,FALSE,FALSE,TRUE,2
"IK_CFWSFZFUNZRIFO-UHFFFAOYSA-N",41.9953557401831,FALSE,"up",1,FALSE,TRUE,FALSE,FALSE,FALSE,TRUE,2
"IK_SMNDYUVBFMFKNZ-UHFFFAOYSA-N",41.9868675429642,FALSE,"up",1,FALSE,TRUE,FALSE,FALSE,TRUE,TRUE,3
"IK_HCHGFYPZNIAAGT-MOZMCZEASA-N",41.9847454936595,FALSE,"up",1,FALSE,TRUE,FALSE,FALSE,FALSE,TRUE,2
"IK_OKYHUOHBRKWCQJ-UUEXCLNXSA-N",41.974135247136,FALSE,"up",1,FALSE,TRUE,FALSE,FALSE,FALSE,TRUE,2
"IK_BWCRYQGQPDBOAU-WZBVPYLGSA-N",41.9635250006124,FALSE,"up",1,FALSE,TRUE,FALSE,FALSE,FALSE,TRUE,2
"IK_VEBOFLQVSWXAKE-FWGBWITRSA-N",41.9550368033936,FALSE,"up",1,FALSE,TRUE,TRUE,FALSE,FALSE,TRUE,3
"IK_OLXZPDWKRNYJJZ-RRKCRQDMSA-N",41.923206063823,FALSE,"down",1,FALSE,TRUE,FALSE,FALSE,TRUE,TRUE,3
"IK_NJCXGFKPQSFZIB-RRKCRQDMSA-N",41.9210840145183,FALSE,"up",1,FALSE,TRUE,FALSE,FALSE,FALSE,TRUE,2
"NO_INCHIKEY__tripeptide thr pro ala",41.9162179359402,FALSE,"down",1,FALSE,TRUE,FALSE,FALSE,FALSE,FALSE,1
"IK_GHCZAUBVMUEKKP-PNNZQWTHSA-N",41.9136811851565,FALSE,"down",1,FALSE,TRUE,FALSE,FALSE,FALSE,TRUE,2
"IK_WNFXUXZJJKTDOZ-OAHLLOKOSA-N",41.9125958172994,FALSE,"down",1,FALSE,TRUE,FALSE,FALSE,TRUE,TRUE,3
"IK_UKAUYVFTDYCKQA-UHFFFAOYSA-N",41.9104737679947,FALSE,"up",1,FALSE,TRUE,FALSE,FALSE,FALSE,TRUE,2
"IK_RPTUKVYGSPDHGQ-PSALXKTOSA-N",41.8913753242524,FALSE,"down",1,FALSE,TRUE,TRUE,FALSE,FALSE,TRUE,3
"IK_XXEWFEBMSGLYBY-UHFFFAOYSA-N",41.882037092417,TRUE,"down",2,FALSE,TRUE,FALSE,FALSE,FALSE,TRUE,2
"IK_SNIXRMIHFOIVBB-UHFFFAOYSA-N",41.8807650777288,FALSE,"up",1,FALSE,TRUE,FALSE,FALSE,TRUE,TRUE,3
"IK_WPJGPAAPSBVXNU-HZJYTTRNSA-N",41.8786430284241,FALSE,"up",1,FALSE,TRUE,FALSE,FALSE,FALSE,TRUE,2
"IK_GACTWZZMVMUKNG-SLPGGIOYSA-N",41.871882987737,FALSE,"up",1,FALSE,TRUE,FALSE,FALSE,TRUE,TRUE,3
"IK_SEQMDCPPEHGVOY-ZMPDJGPBSA-N",41.8595445846817,FALSE,"up",1,FALSE,TRUE,TRUE,FALSE,FALSE,TRUE,3
"IK_XPEZGWHLHCVJMV-SYESHANZSA-N",41.8489343381582,FALSE,"up",1,FALSE,TRUE,TRUE,FALSE,FALSE,TRUE,3
"IK_MDIUMSLCYIJBQC-BUHFOSPRSA-N",41.8310576488102,FALSE,"down",1,FALSE,TRUE,FALSE,FALSE,FALSE,TRUE,2
"IK_WXNXCEHXYPACJF-ZETCQYMHSA-N",41.8255917958064,FALSE,"up",1,FALSE,TRUE,FALSE,FALSE,FALSE,TRUE,2
"IK_PQSUYGKTWSAVDQ-ZVIOFETBSA-N",41.8166794535543,FALSE,"down",1,FALSE,TRUE,FALSE,FALSE,TRUE,TRUE,3
"IK_UPLCTTWJNCYYAW-UHFFFAOYSA-N",41.8149815492828,FALSE,"up",1,FALSE,TRUE,FALSE,FALSE,FALSE,TRUE,2
"IK_KTXUGZHJVRHQGP-UHFFFAOYSA-N",41.806493352064,FALSE,"up",1,FALSE,TRUE,FALSE,FALSE,TRUE,TRUE,3
"IK_JFZHPFOXAAIUMB-UHFFFAOYSA-N",41.7852728590169,FALSE,"up",1,FALSE,TRUE,FALSE,FALSE,TRUE,TRUE,3
"IK_RFDAIACWWDREDC-IFZPJRIXSA-N",41.7852728590169,FALSE,"up",1,FALSE,TRUE,FALSE,TRUE,FALSE,TRUE,3
"IK_CDSQRAACZGXZNE-UHFFFAOYSA-N",41.7640523659698,FALSE,"down",1,FALSE,TRUE,FALSE,TRUE,FALSE,TRUE,3
"IK_KJHYUSLWTPMFTN-AQWUKCDYSA-N",41.7428318729227,FALSE,"up",1,FALSE,TRUE,TRUE,FALSE,FALSE,TRUE,3
"IK_RLVAVWQAAQFUOP-UHFFFAOYSA-N",41.740709823618,FALSE,"up",1,FALSE,TRUE,FALSE,FALSE,FALSE,TRUE,2
"IK_JVJFIQYAHPMBBX-FNORWQNLSA-N",41.6791703937815,FALSE,"up",1,FALSE,TRUE,FALSE,FALSE,TRUE,TRUE,3
"IK_ZXSWTMLNIIZPET-ZOFHRBRSSA-N",41.6685601472579,FALSE,"up",1,FALSE,TRUE,FALSE,FALSE,TRUE,TRUE,3
"IK_VZFRNCSOCOPNDB-AOKDLOFSSA-N",41.6579499007344,FALSE,"up",1,FALSE,TRUE,FALSE,FALSE,TRUE,TRUE,3
"IK_MEJPFLKDAHVOFR-CGEJCFONSA-N",41.6452176049061,FALSE,"up",1,FALSE,TRUE,FALSE,FALSE,FALSE,TRUE,2
"UNKNOWN_ROW__24167579__unknown_165",41.6413393768665,FALSE,"down",1,FALSE,FALSE,FALSE,FALSE,FALSE,FALSE,0
"IK_ZRQXMKMBBMNNQC-UHFFFAOYSA-N",41.6239971118591,FALSE,"up",1,FALSE,TRUE,FALSE,FALSE,FALSE,TRUE,2
"IK_KCSKCIQYNAOBNQ-YBSFLMRUSA-N",41.6155089146402,FALSE,"up",1,FALSE,TRUE,FALSE,FALSE,TRUE,TRUE,3
"IK_VLPFTAMPNXLGLX-UHFFFAOYSA-N",41.6048986681167,FALSE,"down",1,FALSE,TRUE,TRUE,FALSE,FALSE,TRUE,3
"IK_SSYGGPAGDDGXAF-ZXXIGWHRSA-N",41.5921663722884,FALSE,"up",1,FALSE,TRUE,FALSE,FALSE,FALSE,TRUE,2
"IK_QFDRTQONISXGJA-UHFFFAOYSA-N",41.5909459830394,FALSE,"up",2,FALSE,TRUE,FALSE,TRUE,TRUE,TRUE,4
"IK_WQXXXVRAFAKQJM-WHFBIAKZSA-N",41.5815561257649,FALSE,"up",1,FALSE,TRUE,FALSE,FALSE,FALSE,TRUE,2
"IK_WSDKRPCAPHRNNZ-MGBGTMOVSA-N",41.565536803326,FALSE,"up",1,FALSE,TRUE,FALSE,FALSE,FALSE,TRUE,2
"IK_BETFSIOJEATXGY-WOCLASLBSA-N",41.5200166959283,FALSE,"down",1,FALSE,TRUE,TRUE,FALSE,FALSE,TRUE,3
"IK_VTJXFTPMFYAJJU-UHFFFAOYSA-N",41.5178946466236,FALSE,"down",1,FALSE,TRUE,FALSE,FALSE,FALSE,TRUE,2
"IK_FORFDCPQKJHEBF-HUESYALOSA-N",41.5094064494048,FALSE,"down",1,FALSE,TRUE,TRUE,FALSE,FALSE,TRUE,3
"IK_UQZHJQWIISKTJN-QUBZPPHQSA-N",41.4966741535765,FALSE,"up",1,FALSE,TRUE,FALSE,FALSE,FALSE,TRUE,2
"IK_YZQCXOFQZKCETR-UWVGGRQHSA-N",41.4901657827136,FALSE,"up",1,FALSE,TRUE,FALSE,TRUE,FALSE,TRUE,3
"IK_WNLRTRBMVRJNCN-UHFFFAOYSA-N",41.4881859563577,FALSE,"up",1,FALSE,TRUE,FALSE,FALSE,TRUE,TRUE,3
"IK_CLPMFZLTACEARJ-YCMZWWCJSA-N",41.486063907053,FALSE,"down",1,FALSE,TRUE,FALSE,FALSE,FALSE,TRUE,2
"IK_AVFORCKFTWHFAR-ZSIFGTMLSA-N",41.4775757098342,FALSE,"down",1,FALSE,TRUE,FALSE,FALSE,TRUE,TRUE,3
"IK_MQDDWIVNNZPOCB-HOTGVXAUSA-N",41.466416657456,FALSE,"down",1,FALSE,TRUE,FALSE,FALSE,TRUE,TRUE,3
"IK_JLVSPVFPBBFMBE-HXSWCURESA-O",41.4563552167871,FALSE,"up",1,FALSE,TRUE,FALSE,TRUE,FALSE,TRUE,3
"IK_DWHJJLTXBKSHJG-HWKANZROSA-N",41.4542331674824,FALSE,"up",1,FALSE,TRUE,FALSE,FALSE,FALSE,TRUE,2
"IK_CUZKLRTTYZOCSD-CIUDSAMLSA-N",41.43513472374,FALSE,"down",1,FALSE,TRUE,FALSE,FALSE,TRUE,TRUE,3
"IK_BCIWKKMTBRYQJU-UHFFFAOYSA-N",41.4330126744353,FALSE,"up",1,FALSE,TRUE,FALSE,FALSE,FALSE,TRUE,2
"IK_HUMNYLRZRPPJDN-UHFFFAOYSA-N",41.4160362799976,FALSE,"up",1,FALSE,TRUE,FALSE,TRUE,TRUE,TRUE,4
"IK_GHNXVMPBTBKJRP-CLFAGFIQSA-N",41.411942999624,FALSE,"down",1,FALSE,TRUE,FALSE,FALSE,FALSE,TRUE,2
"IK_LCAFGJGYCUMTGS-UHFFFAOYSA-N",41.3799614418176,FALSE,"up",1,FALSE,TRUE,FALSE,FALSE,FALSE,TRUE,2
"IK_TXBBUSUXYMIVOS-UHFFFAOYSA-N",41.3523748008564,FALSE,"down",1,FALSE,TRUE,FALSE,TRUE,TRUE,TRUE,4
"IK_HNICUWMFWZBIFP-BSZOFBHHSA-N",41.3403339570486,FALSE,"down",1,FALSE,TRUE,FALSE,FALSE,FALSE,TRUE,2
"IK_LYCIFUKTLFWAKN-BKQFRBNDSA-N",41.3396425050281,FALSE,"down",1,FALSE,TRUE,TRUE,FALSE,FALSE,TRUE,3
"IK_HMFKFHLTUCJZJO-HHVQYONYSA-N",41.3311543078093,FALSE,"up",1,FALSE,TRUE,FALSE,TRUE,TRUE,TRUE,4
"IK_YBAVZMWJCPETFA-QFTUWMPFSA-N",41.3290322585046,FALSE,"down",1,FALSE,TRUE,TRUE,FALSE,FALSE,TRUE,3
"IK_NURCPIMQAUMKKZ-FZOQRHEPSA-N",41.2972015189339,FALSE,"up",1,FALSE,TRUE,TRUE,FALSE,FALSE,TRUE,3
"IK_GQJQCKUJCHMTNF-UHFFFAOYSA-N",41.2781030751916,FALSE,"down",1,FALSE,TRUE,FALSE,TRUE,TRUE,TRUE,4
"IK_DOIRQSBPFJWKBE-UHFFFAOYSA-N",41.2653707793633,FALSE,"up",1,FALSE,TRUE,FALSE,FALSE,TRUE,TRUE,3
"IK_VPKCCODFKUZEMT-KZVLABISSA-N",41.2632487300586,FALSE,"up",1,FALSE,TRUE,FALSE,FALSE,FALSE,TRUE,2
"IK_BAQMYDQNMFBZNA-MNXVOIDGSA-N",41.2547605328398,FALSE,"down",1,FALSE,TRUE,FALSE,FALSE,TRUE,TRUE,3
"IK_XVTARERDLIZSBS-KSCSMHSMSA-N",41.2526384835351,FALSE,"up",1,FALSE,TRUE,FALSE,FALSE,FALSE,TRUE,2
"IK_QQFVICUNTBNUKN-QQRIYSRRSA-N",41.2335400397927,FALSE,"down",1,FALSE,TRUE,TRUE,FALSE,FALSE,TRUE,3
"IK_UPISBTVRUJGIRH-HNANJHLJSA-N",41.2208077439644,FALSE,"up",1,FALSE,TRUE,FALSE,FALSE,FALSE,TRUE,2
"IK_ZWRUINPWMLAQRD-UHFFFAOYSA-N",41.201709300222,FALSE,"down",1,FALSE,TRUE,FALSE,FALSE,TRUE,TRUE,3
"IK_ZVDPYSVOZFINEE-BQBZGAKWSA-N",41.1995872509173,FALSE,"up",1,FALSE,TRUE,FALSE,FALSE,FALSE,TRUE,2
"IK_FFEARJCKVFRZRR-UHFFFAOYNA-N",41.193575706401,FALSE,"up",2,FALSE,TRUE,TRUE,FALSE,TRUE,TRUE,4
"IK_VTCHIESVVACVBD-DMKRFUROSA-N",41.1889770043938,FALSE,"down",1,FALSE,TRUE,FALSE,FALSE,FALSE,TRUE,2
"IK_TZBJGXHYKVUXJN-UHFFFAOYSA-N",41.1867779472857,FALSE,"down",1,FALSE,TRUE,TRUE,FALSE,FALSE,TRUE,3
"IK_PKDTXFWHZWYNAH-UHFFFAOYSA-N",41.1783667578703,FALSE,"up",1,FALSE,TRUE,FALSE,FALSE,FALSE,TRUE,2
"IK_QJHRNPQXCMXOOH-XBJNFHHOSA-N",41.1698785606514,FALSE,"up",1,FALSE,TRUE,TRUE,FALSE,FALSE,TRUE,3
"NO_INCHIKEY__brompheniramine didemethylated",41.1665491384664,FALSE,"down",1,FALSE,TRUE,FALSE,FALSE,FALSE,FALSE,1
"IK_BVUMIHICABFWGS-UHFFFAOYSA-N",41.1571462648232,FALSE,"down",1,FALSE,TRUE,FALSE,FALSE,FALSE,TRUE,2
"IK_JFVBCXHSPKJLRP-UHFFFAOYSA-N",41.1465360182996,FALSE,"up",1,FALSE,TRUE,FALSE,FALSE,FALSE,TRUE,2
"IK_YEHAZLUVAZKVRO-PDWSRYNESA-N",41.1380478210808,FALSE,"down",1,FALSE,TRUE,TRUE,FALSE,FALSE,TRUE,3
"IK_DREVJBVJBRSSDL-UHFFFAOYSA-N",41.1359257717761,FALSE,"down",1,FALSE,TRUE,FALSE,FALSE,FALSE,TRUE,2
"IK_LKQLRGMMMAHREN-YJFXYUILSA-N",41.1208725666295,FALSE,NA,1,FALSE,TRUE,FALSE,FALSE,FALSE,TRUE,2
"IK_CXTATJFJDMJMIY-CYBMUJFWSA-N",41.1207604366588,FALSE,"up",2,FALSE,TRUE,FALSE,FALSE,TRUE,TRUE,3
"IK_YFFIQXNTTVSKJC-FVDSYPCUSA-N",41.1198850527778,FALSE,NA,1,FALSE,TRUE,FALSE,FALSE,FALSE,TRUE,2
"IK_MNLRQHMNZILYPY-MKFCKLDKSA-N",41.1168273280337,FALSE,"up",1,FALSE,TRUE,FALSE,FALSE,TRUE,TRUE,3
"IK_UGRZESKDAPEULH-ACEXITHZSA-N",41.1150941000676,FALSE,NA,1,FALSE,TRUE,FALSE,FALSE,FALSE,TRUE,2
"IK_FHQVHHIBKUMWTI-OTMQOFQLSA-N",41.1085005957202,FALSE,NA,1,FALSE,TRUE,FALSE,FALSE,FALSE,TRUE,2
"IK_IIRDTKBZINWQAW-UHFFFAOYSA-N",41.1047658346646,FALSE,"up",1,FALSE,TRUE,FALSE,TRUE,FALSE,TRUE,3
"IK_UTTULGRFBPONAA-VPENINKCSA-N",41.1040950322054,FALSE,"up",1,FALSE,TRUE,FALSE,FALSE,FALSE,TRUE,2
"IK_OSRWIBSZJTWIKA-JLNKQSITSA-N",41.0981358691266,FALSE,NA,1,FALSE,TRUE,FALSE,FALSE,FALSE,TRUE,2
"IK_SDNYRTVJOFMYIW-UHFFFAOYSA-N",41.097102419859,FALSE,NA,1,FALSE,TRUE,FALSE,FALSE,FALSE,TRUE,2
"IK_VMGXLRXDXJZSTP-UHFFFAOYSA-N",41.0934847856819,FALSE,"down",1,FALSE,TRUE,FALSE,FALSE,FALSE,TRUE,2
"IK_GLACGTLACKLUJX-QNAXTHAFSA-N",41.0915822587191,FALSE,"up",1,FALSE,TRUE,FALSE,FALSE,TRUE,TRUE,3
"IK_KKEYFWRCBNTPAC-UHFFFAOYSA-N",41.0849965884631,FALSE,"up",1,FALSE,TRUE,FALSE,FALSE,TRUE,TRUE,3
"IK_FEKLSEFRUGWUOS-DLOIZKPKSA-N",41.0778051038922,FALSE,NA,1,FALSE,TRUE,FALSE,FALSE,FALSE,TRUE,2
"IK_GZGHIJOEOOMFMM-UHFFFAOYSA-N",41.0756417164356,FALSE,NA,1,FALSE,TRUE,FALSE,FALSE,FALSE,TRUE,2
"IK_LHGVLZHIYVKZBT-UHFFFAOYSA-N",41.0743863419395,FALSE,"up",1,FALSE,TRUE,FALSE,FALSE,TRUE,TRUE,3
"IK_JQKOHRZNEOQNJE-ZZEZOPTASA-N",41.0670042223126,FALSE,NA,1,FALSE,TRUE,FALSE,FALSE,FALSE,TRUE,2
"IK_ANRKEHNWXKCXDB-BHFWLYLHSA-N",41.0646362023103,FALSE,NA,1,FALSE,TRUE,FALSE,FALSE,FALSE,TRUE,2
"IK_OZAXLAGNPZMZAD-BOEMPQCLSA-N",41.0629439458368,FALSE,NA,1,FALSE,TRUE,FALSE,FALSE,FALSE,TRUE,2
"IK_XCLBLPLSYOQBEP-UHFFFAOYSA-N",41.0616540461113,FALSE,"up",1,FALSE,TRUE,FALSE,FALSE,FALSE,TRUE,2
"IK_LANVDNZVFGFCTB-PFONDFGASA-N",41.0600317441307,FALSE,NA,1,FALSE,TRUE,FALSE,FALSE,FALSE,TRUE,2
"IK_IODKAUXLYSBFAK-WMKZAWCOSA-N",41.053328638243,FALSE,NA,1,FALSE,TRUE,FALSE,FALSE,FALSE,TRUE,2
"IK_RSVFMXVZJZRSQQ-LTKCOYKYSA-N",41.0529308399819,FALSE,NA,1,FALSE,TRUE,FALSE,FALSE,FALSE,TRUE,2
"IK_NWWJFMCCTZLKNT-UHFFFAOYSA-N",41.0510437995877,FALSE,"up",1,FALSE,TRUE,FALSE,FALSE,FALSE,TRUE,2
"IK_MDRFMTLYKHBJTF-NQYLGBTJSA-N",41.0495107890269,FALSE,NA,1,FALSE,TRUE,FALSE,FALSE,FALSE,TRUE,2
"IK_MWRBNPKJOOWZPW-CLFAGFIQSA-N",41.0480758662665,FALSE,NA,1,FALSE,TRUE,FALSE,FALSE,FALSE,TRUE,2
"IK_DUQDVNACTOXOJA-KTKXOIIHSA-N",41.0466883877588,FALSE,NA,1,FALSE,TRUE,FALSE,FALSE,FALSE,TRUE,2
"IK_RUOVJPPUXXFZPC-YZEIBMOJSA-N",41.0367139259235,FALSE,NA,1,FALSE,TRUE,FALSE,FALSE,FALSE,TRUE,2
"IK_ATHVAWFAEPLPPQ-VRDBWYNSSA-N",41.0353899233018,FALSE,NA,1,FALSE,TRUE,FALSE,FALSE,FALSE,TRUE,2
"IK_ANDIJCDJHMZLND-DAWNVERKSA-N",41.0348718006428,FALSE,NA,1,FALSE,TRUE,FALSE,FALSE,FALSE,TRUE,2
"IK_BABSZGMYWGFHOB-UHFFFAOYSA-N",41.0323730030188,FALSE,NA,1,FALSE,TRUE,FALSE,FALSE,FALSE,TRUE,2
"IK_LGPGBPOGXNRFFI-XQEWOMBFSA-N",41.0323730030188,FALSE,NA,1,FALSE,TRUE,FALSE,FALSE,FALSE,TRUE,2
"IK_DCICDMMXFIELDF-UHFFFAOYSA-N",41.0320314826007,FALSE,"up",1,FALSE,TRUE,FALSE,TRUE,FALSE,TRUE,3
"IK_QZYSUBAQYSVFNX-PSMULLBHSA-N",41.0316514826284,FALSE,NA,1,FALSE,TRUE,FALSE,FALSE,FALSE,TRUE,2
"IK_RFPQMVKZNQOUGY-KXYOHKLBSA-N",41.031177269647,FALSE,NA,1,FALSE,TRUE,FALSE,FALSE,FALSE,TRUE,2
"IK_NWGKJDSIEKMTRX-MDZDMXLPSA-N",41.0298233065406,FALSE,"up",1,FALSE,TRUE,FALSE,FALSE,FALSE,TRUE,2
"IK_KZSNJWFQEVHDMF-BYPYZUCNSA-N",41.0293820073049,FALSE,"up",2,FALSE,TRUE,FALSE,TRUE,TRUE,TRUE,4
"IK_GTFLTTXDLGEBAI-UHFFFAOYSA-N",41.0288833980576,FALSE,NA,1,FALSE,TRUE,FALSE,FALSE,FALSE,TRUE,2
"IK_HKPROAQUMPEHJM-GJLVVWLQSA-N",41.0273491707295,FALSE,NA,1,FALSE,TRUE,FALSE,FALSE,FALSE,TRUE,2
"IK_HCPQJTXDTFGBNJ-WWCBJTKISA-N",41.0248429095803,FALSE,NA,1,FALSE,TRUE,FALSE,FALSE,FALSE,TRUE,2
"IK_WJQPVPNICDCELH-IHDWIWDKSA-N",41.0246406566475,FALSE,NA,1,FALSE,TRUE,FALSE,FALSE,FALSE,TRUE,2
"IK_WBOZIXHPUPAOIA-RBELZSLISA-N",41.0209722046868,FALSE,NA,1,FALSE,TRUE,FALSE,FALSE,FALSE,TRUE,2
"IK_PBROMOQAZGFDHQ-GPQOMLTASA-N",41.0175988011625,FALSE,NA,1,FALSE,TRUE,FALSE,FALSE,FALSE,TRUE,2
"IK_YFFIQXNTTVSKJC-NZEOUKRFSA-N",41.0170900991484,FALSE,NA,1,FALSE,TRUE,FALSE,FALSE,FALSE,TRUE,2
"IK_JWVXCFSNEOMSHH-UHFFFAOYSA-N",41.0165874895204,FALSE,NA,1,FALSE,TRUE,FALSE,FALSE,FALSE,TRUE,2
"IK_FHQVHHIBKUMWTI-ZCXUNETKSA-N",41.01495431059,FALSE,NA,1,FALSE,TRUE,FALSE,FALSE,FALSE,TRUE,2
"IK_SDNYRTVJOFMYIW-OIVUAWODSA-N",41.0129219722404,FALSE,NA,1,FALSE,TRUE,FALSE,FALSE,FALSE,TRUE,2
"IK_KDSPLKNONIUZSZ-NGJCXOISSA-N",41.0086028134936,FALSE,"up",1,FALSE,TRUE,FALSE,FALSE,FALSE,TRUE,2
"IK_IYYVNINVOLHLIG-GEMHLVOWSA-N",41.0063003367055,FALSE,NA,1,FALSE,TRUE,FALSE,FALSE,FALSE,TRUE,2
"IK_YIGARKIIFOHVPF-YAEABVQUSA-N",41.0026812912829,FALSE,NA,1,FALSE,TRUE,FALSE,FALSE,FALSE,TRUE,2
"IK_BTNKSMIZKSHDNT-UHFFFAOYSA-N",41.0006012770288,FALSE,"up",1,FALSE,TRUE,TRUE,TRUE,FALSE,TRUE,4
"IK_NZVSGOQOFUVMHA-QOSDPKFLSA-N",40.9993497078217,FALSE,NA,1,FALSE,TRUE,FALSE,FALSE,FALSE,TRUE,2
"IK_DWAKNKKXGALPNW-UHFFFAOYSA-N",40.99799256697,FALSE,"up",1,FALSE,TRUE,FALSE,FALSE,FALSE,TRUE,2
"IK_ZTNZTGXTHOFZGC-LNFNTRPGSA-N",40.9961607766926,FALSE,NA,1,FALSE,TRUE,FALSE,FALSE,FALSE,TRUE,2
"IK_KNNHXKQRTYEWCA-HYYWERRFSA-N",40.995753322984,FALSE,NA,1,FALSE,TRUE,FALSE,FALSE,FALSE,TRUE,2
"IK_GRGDLDNREYVILP-CNWVQWJYSA-N",40.9943576037784,FALSE,NA,1,FALSE,TRUE,FALSE,FALSE,FALSE,TRUE,2
"IK_QXMHHXQBBKDSSL-DCKNSECYSA-N",40.9940644658998,FALSE,NA,1,FALSE,TRUE,FALSE,FALSE,FALSE,TRUE,2
"IK_VYYVPZRIOGLZOD-DOFZRALJSA-N",40.9910588040243,FALSE,NA,1,FALSE,TRUE,FALSE,FALSE,FALSE,TRUE,2
"IK_DAIDBSCCEAIZEG-XOPUQBBPSA-N",40.9901620305373,FALSE,NA,1,FALSE,TRUE,FALSE,FALSE,FALSE,TRUE,2
"IK_SJGWLQDELUWRDA-MUYAOIFFSA-N",40.9896330226632,FALSE,NA,1,FALSE,TRUE,FALSE,FALSE,FALSE,TRUE,2
"IK_HGDJXBPLHZFXGO-LBXGSASVSA-N",40.9890241584786,FALSE,NA,1,FALSE,TRUE,FALSE,FALSE,FALSE,TRUE,2
"IK_AFSHUZFNMVJNKX-CLFAGFIQSA-N",40.9886801614516,FALSE,NA,1,FALSE,TRUE,FALSE,FALSE,FALSE,TRUE,2
"IK_AADLTHQNYQJHQV-SVLGDMRNSA-N",40.9882540927938,FALSE,NA,1,FALSE,TRUE,FALSE,FALSE,FALSE,TRUE,2
"IK_UHISGSDYAIIBMO-UMLSMIIMSA-N",40.9873823204465,FALSE,"up",1,FALSE,TRUE,FALSE,FALSE,FALSE,TRUE,2
"IK_XCIXKGXIYUWCLL-UHFFFAOYSA-N",40.9810161725324,FALSE,"down",1,FALSE,TRUE,FALSE,TRUE,TRUE,TRUE,4
"IK_IORKBJYFXXCDMP-GMGFYYQASA-N",40.9788941232276,FALSE,"down",1,FALSE,TRUE,TRUE,FALSE,FALSE,TRUE,3
"IK_GGJFWMOVUFBSIN-AIRLBKTGSA-O",40.9666374591401,FALSE,"down",1,FALSE,TRUE,FALSE,FALSE,TRUE,TRUE,3
"IK_UXDLYVBMRUIQCX-UHFFFAOYSA-N",40.9661618273994,FALSE,"up",1,FALSE,TRUE,FALSE,FALSE,FALSE,TRUE,2
"IK_MFIONIMKDOSXCC-SJQSLJDISA-N",40.9576736301806,FALSE,"down",1,FALSE,TRUE,TRUE,FALSE,FALSE,TRUE,3
"IK_OAKGNIRUXAZDQF-TXHRRWQRSA-N",40.947063383657,FALSE,"up",1,FALSE,TRUE,FALSE,TRUE,FALSE,TRUE,3
"IK_GKCNNWJPOJGTLV-UKTHLTGXSA-N",40.9364531371335,FALSE,"up",1,FALSE,TRUE,TRUE,FALSE,FALSE,TRUE,3
"IK_JFIWEPHGRUDAJN-DYUFWOLASA-N",40.9343310878288,FALSE,"down",1,FALSE,TRUE,FALSE,FALSE,FALSE,TRUE,2
"IK_RRVPPYNAZJRZFR-VYOBOKEXSA-N",40.9258428906099,FALSE,"up",1,FALSE,TRUE,TRUE,FALSE,FALSE,TRUE,3
"IK_VOXXWSYKYCBWHO-UHFFFAOYSA-N",40.9178969258714,FALSE,NA,1,FALSE,TRUE,TRUE,FALSE,TRUE,TRUE,4
"IK_JVAZJLFFSJARQM-RMPHRYRLSA-N",40.9152326440864,FALSE,"up",1,FALSE,TRUE,FALSE,TRUE,FALSE,TRUE,3
"IK_YBAFDPFAUTYYRW-YUMQZZPRSA-N",40.9025003482581,FALSE,"up",1,FALSE,TRUE,FALSE,FALSE,FALSE,TRUE,2
"IK_CICRQSYFFGMUEH-MVKOLZDDSA-N",40.8940121510393,FALSE,"down",1,FALSE,TRUE,FALSE,TRUE,FALSE,TRUE,3
"IK_PXQPEWDEAKTCGB-UHFFFAOYSA-N",40.8940058196499,FALSE,NA,1,FALSE,TRUE,FALSE,TRUE,TRUE,TRUE,4
"IK_KZAUOCCYDRDERY-UHFFFAOYSA-N",40.8834019045158,FALSE,"up",1,FALSE,TRUE,FALSE,FALSE,TRUE,TRUE,3
"IK_OEYIOHPDSNJKLS-UHFFFAOYSA-N",40.8747447211684,FALSE,NA,1,FALSE,TRUE,TRUE,FALSE,TRUE,TRUE,4
"IK_QIGBRXMKCJKVMJ-UHFFFAOYSA-N",40.8621814114687,FALSE,"down",1,FALSE,TRUE,FALSE,FALSE,TRUE,TRUE,3
"IK_IAVREABSGIHHMO-UHFFFAOYSA-N",40.8515711649451,FALSE,"up",1,FALSE,TRUE,FALSE,FALSE,TRUE,TRUE,3
"IK_ZNJFBWYDHIGLCU-HWKXXFMVSA-N",40.8409609184216,FALSE,"up",1,FALSE,TRUE,FALSE,FALSE,TRUE,TRUE,3
"IK_QOEAXNMFJWVZIG-QGZVFWFLSA-N",40.8282286225933,FALSE,"up",1,FALSE,TRUE,FALSE,FALSE,FALSE,TRUE,2
"IK_PRJJVJQUMHDYMQ-UHFFFAOYSA-N",40.8228723297181,FALSE,"down",1,FALSE,TRUE,TRUE,TRUE,FALSE,TRUE,4
"IK_SUMDYPCJJOFFON-UHFFFAOYSA-M",40.8112522281557,FALSE,"down",1,FALSE,TRUE,FALSE,TRUE,TRUE,TRUE,4
"IK_FUWUEFKEXZQKKA-UHFFFAOYSA-N",40.809130178851,FALSE,"down",1,FALSE,TRUE,FALSE,FALSE,TRUE,TRUE,3
"IK_AEESIZVTDUAOEG-MWQVBOBVSA-N",40.8070081295462,FALSE,"up",1,FALSE,TRUE,FALSE,FALSE,FALSE,TRUE,2
"IK_HXNFUBHNUDHIGC-UHFFFAOYSA-N",40.8006419816321,FALSE,"up",1,FALSE,TRUE,TRUE,FALSE,TRUE,TRUE,4
"IK_TWPMMLHBHPYSMT-UHFFFAOYSA-N",40.7963978830227,FALSE,"up",1,FALSE,TRUE,FALSE,FALSE,FALSE,TRUE,2
"IK_KHYYDOVNIFQNTL-DXKRBAIRSA-N",40.7879096858039,FALSE,"up",1,FALSE,TRUE,TRUE,FALSE,FALSE,TRUE,3
"IK_OTCSBULKTTUVHL-XXSKBKDCSA-N",40.7857876364992,FALSE,"up",1,FALSE,TRUE,FALSE,FALSE,FALSE,TRUE,2
"IK_FBCNXALHPSQUQY-WKABSKOFSA-N",40.7772994392803,FALSE,"down",1,FALSE,TRUE,TRUE,FALSE,FALSE,TRUE,3
"IK_CZGFLAQOJPXVRV-GITAKMRZSA-N",40.7751773899756,FALSE,"up",1,FALSE,TRUE,FALSE,FALSE,FALSE,TRUE,2
"IK_VCWMRQDBPZKXKG-ZNVDUFQESA-N",40.7633852046017,FALSE,"up",1,FALSE,TRUE,FALSE,FALSE,TRUE,TRUE,3
"NO_INCHIKEY__4 acetyl 2 methoxyphenyl 6 o 6 deoxy l mannopyranosyl d glucopyranoside",40.7603230448427,FALSE,"up",1,FALSE,FALSE,FALSE,FALSE,FALSE,FALSE,0
"IK_DMBHHRLKUKUOEG-UHFFFAOYSA-N",40.758200995538,FALSE,"up",1,FALSE,TRUE,FALSE,TRUE,TRUE,TRUE,4
"IK_IPMVHVDAYPUFKH-WYRBGLKBSA-N",40.7454686997097,FALSE,"down",1,FALSE,TRUE,TRUE,FALSE,FALSE,TRUE,3
"IK_IDIDJDIHTAOVLG-VKHMYHEASA-N",40.7348584531862,FALSE,"up",1,FALSE,TRUE,FALSE,FALSE,TRUE,TRUE,3
"IK_PKSJDCCFDXWPLW-UHFFFAOYSA-N",40.7242482066626,FALSE,"down",1,FALSE,TRUE,FALSE,TRUE,FALSE,TRUE,3
"IK_AYKQJQVWUYEZNU-UHFFFAOYSA-N",40.7221261573579,FALSE,"up",1,FALSE,TRUE,FALSE,FALSE,FALSE,TRUE,2
"IK_YAZBCYAYQHWOBG-UHFFFAOYSA-N",40.7009056643108,FALSE,"up",1,FALSE,TRUE,FALSE,FALSE,FALSE,TRUE,2
"IK_TTZIHUKKIDPTQT-UHFFFAOYSA-N",40.6902954177873,FALSE,"up",1,FALSE,TRUE,FALSE,FALSE,FALSE,TRUE,2
"IK_ROQAUFRWFXOLOE-FEKBJPIOSA-N",40.6765020973067,FALSE,"down",1,TRUE,TRUE,FALSE,TRUE,FALSE,TRUE,3
"IK_YPXHXDXMTWPQTO-SNAWJCMRSA-N",40.6690749247402,FALSE,"up",1,FALSE,TRUE,FALSE,FALSE,FALSE,TRUE,2
"IK_AHTAWKLQNJKVCN-UHFFFAOYSA-N",40.6478544316931,FALSE,"up",1,FALSE,TRUE,FALSE,FALSE,FALSE,TRUE,2
"IK_MRTUWVDDQVMUCR-ACHCNROVSA-N",40.6393662344743,FALSE,"up",1,FALSE,TRUE,TRUE,FALSE,FALSE,TRUE,3
"IK_ZMXDDKWLCZADIW-UHFFFAOYSA-N",40.6308780372554,FALSE,"up",1,FALSE,TRUE,TRUE,FALSE,TRUE,TRUE,4
"IK_XOMRRQXKHMYMOC-UHFFFAOYSA-N",40.6179929549345,FALSE,"up",2,FALSE,TRUE,FALSE,TRUE,TRUE,TRUE,4
"IK_RMZIOVJHUJAAEY-UHFFFAOYSA-N",40.6054134455989,FALSE,"up",1,FALSE,TRUE,FALSE,FALSE,FALSE,TRUE,2
"IK_JCCZCUUYYHWRGX-VGMNWLOBSA-N",40.5948031990754,FALSE,"up",1,FALSE,TRUE,FALSE,FALSE,FALSE,TRUE,2
"IK_ISAKRJDGNUQOIC-UHFFFAOYSA-N",40.5884370511613,FALSE,"up",1,FALSE,TRUE,TRUE,FALSE,TRUE,TRUE,4
"IK_FQPGMQABJNQLLF-VKHMYHEASA-N",40.5863150018566,FALSE,"up",1,FALSE,TRUE,FALSE,FALSE,TRUE,TRUE,3
"IK_TZZSWAXSIGWXOS-UHFFFAOYSA-M",40.5841929525519,FALSE,"up",1,FALSE,TRUE,FALSE,FALSE,FALSE,TRUE,2
"IK_LEILBPMISZFZQK-GFCCVEGCSA-N",40.575704755333,FALSE,"up",1,FALSE,TRUE,FALSE,TRUE,FALSE,TRUE,3
"IK_NUDXOGPEQRPSKT-MVOZTAHOSA-N",40.5681346810433,FALSE,"down",1,FALSE,TRUE,TRUE,FALSE,FALSE,TRUE,3
"IK_WBOMIOWRFSPZMC-AYICAFKVSA-N",40.5544842622859,FALSE,"up",1,FALSE,TRUE,TRUE,FALSE,FALSE,TRUE,3
"IK_RRTYEHFGQWNQKK-KIQAWMAPSA-N",40.5523622129812,FALSE,"down",1,FALSE,TRUE,FALSE,FALSE,FALSE,TRUE,2
"IK_PZHOVOCGVTXFSM-DOFZRALJSA-N",40.5393967663024,FALSE,"down",1,FALSE,TRUE,FALSE,FALSE,FALSE,TRUE,2
"IK_SIZUKCMURNXUCZ-JWFJDLLSSA-N",40.5332637692389,FALSE,"down",1,FALSE,TRUE,TRUE,FALSE,FALSE,TRUE,3
"IK_VIHYIVKEECZGOU-UHFFFAOYSA-N",40.5311417199341,FALSE,"down",1,FALSE,TRUE,FALSE,FALSE,FALSE,TRUE,2
"IK_HCZHHEIFKROPDY-UHFFFAOYSA-N",40.52477557202,FALSE,"down",1,FALSE,TRUE,FALSE,TRUE,TRUE,TRUE,4
"IK_CWLDKTAXQZEVQN-CUEXFKMESA-L",40.5120432761918,FALSE,"up",1,FALSE,TRUE,TRUE,FALSE,FALSE,TRUE,3
"IK_VLBPIWYTPAXCFJ-XMMPIXPASA-N",40.5014330296682,FALSE,"up",1,FALSE,TRUE,FALSE,TRUE,FALSE,TRUE,3
"IK_LAXQYRRMGGEGOH-JXRLJXCWSA-N",40.4908227831447,FALSE,"up",1,FALSE,TRUE,TRUE,FALSE,FALSE,TRUE,3
"IK_AURCBSWGPREGRQ-VGNRXBDKSA-N",40.4696022900976,FALSE,"up",1,FALSE,TRUE,TRUE,FALSE,FALSE,TRUE,3
"IK_VQAYFKKCNSOZKM-IOSLPCCCSA-N",40.4599643023366,FALSE,"down",1,FALSE,TRUE,FALSE,FALSE,FALSE,TRUE,2
"IK_CCCNUHFRBBIFHO-WJWGPLDTSA-N",40.4568699942693,FALSE,"up",1,FALSE,TRUE,FALSE,FALSE,FALSE,TRUE,2
"IK_CHHHXKFHOYLYRE-STWYSWDKSA-M",40.437771550527,FALSE,"down",1,FALSE,TRUE,TRUE,FALSE,FALSE,TRUE,3
"IK_HHDMMUWDSFASNB-JZYAIQKZSA-N",40.4250392546987,FALSE,"up",1,FALSE,TRUE,FALSE,FALSE,FALSE,TRUE,2
"IK_WXHUQVMHWUQNTG-JSWHPQHOSA-N",40.4144290081752,FALSE,"up",1,FALSE,TRUE,FALSE,FALSE,FALSE,TRUE,2
"IK_VVLXCWVSSLFQDS-QWRGUYRKSA-N",40.4038187616516,FALSE,"up",1,FALSE,TRUE,FALSE,FALSE,FALSE,TRUE,2
"IK_DZTHIGRZJZPRDV-GFCCVEGCSA-N",40.3953305644328,FALSE,"up",1,FALSE,TRUE,FALSE,FALSE,TRUE,TRUE,3
"IK_ATMSEJBABXCWDW-UHFFFAOYSA-N",40.3932085151281,FALSE,"up",1,FALSE,TRUE,FALSE,FALSE,FALSE,TRUE,2
"IK_DNPZYIPMAWRQQE-BVILWSOJSA-N",40.3847203179092,FALSE,"up",1,FALSE,TRUE,TRUE,FALSE,FALSE,TRUE,3
"IK_MFGALGYVFGDXIX-UHFFFAOYSA-N",40.3741100713857,FALSE,"down",1,FALSE,TRUE,FALSE,FALSE,TRUE,TRUE,3
"IK_DZRWKHUQGYJQQB-TXINJWPOSA-N",40.3613777755575,FALSE,"up",1,FALSE,TRUE,FALSE,FALSE,FALSE,TRUE,2
"IK_PNEJUHLZEPRMHF-UHFFFAOYSA-N",40.3295470359868,FALSE,"up",1,FALSE,TRUE,FALSE,FALSE,FALSE,TRUE,2
"IK_FZAYDNUFXQMOCM-SSTSLOEUSA-N",40.3283329366394,FALSE,"up",1,FALSE,TRUE,FALSE,TRUE,FALSE,TRUE,3
"IK_LCHFAYIGHOVWSA-UHFFFAOYSA-N",40.3189367894633,FALSE,"up",1,FALSE,TRUE,FALSE,FALSE,FALSE,TRUE,2
"IK_AGMMTXLNIQSRCG-UHFFFAOYSA-N",40.3104485922444,FALSE,"up",1,FALSE,TRUE,FALSE,FALSE,TRUE,TRUE,3
"IK_NKRLKOMBOSWILK-PLACYPQZSA-N",40.2998383457209,FALSE,"up",1,FALSE,TRUE,FALSE,TRUE,FALSE,TRUE,3
"IK_FFDGPVCHZBVARC-UHFFFAOYSA-N",40.2880537612326,FALSE,"up",1,FALSE,TRUE,TRUE,FALSE,TRUE,TRUE,4
"IK_ZIWNJZLXPXFNGN-GXTQQWMXSA-N",40.2764958033691,FALSE,"up",1,FALSE,TRUE,FALSE,FALSE,FALSE,TRUE,2
"IK_HSMNQINEKMPTIC-UHFFFAOYSA-N",40.2667838278764,FALSE,"up",1,FALSE,TRUE,TRUE,FALSE,FALSE,TRUE,3
"IK_QPXTXCACGFCAKL-HNHHUQGDSA-N",40.2573973596267,FALSE,"down",1,FALSE,TRUE,TRUE,FALSE,FALSE,TRUE,3
"IK_XOASTWITKYDKAJ-PPQPEBMASA-N",40.2467871131032,FALSE,"up",1,FALSE,TRUE,FALSE,FALSE,TRUE,TRUE,3
"IK_SNGNCYILSHZBLM-UHFFFAOYSA-N",40.2446650637985,FALSE,"down",1,FALSE,TRUE,FALSE,FALSE,FALSE,TRUE,2
"IK_KJJPLEZQSCZCKE-UHFFFAOYSA-N",40.2340548172749,FALSE,"up",1,FALSE,TRUE,FALSE,FALSE,FALSE,TRUE,2
"IK_XMWHRVNVKDKBRG-UHNVWZDZSA-N",40.2255666200561,FALSE,"down",1,FALSE,TRUE,FALSE,TRUE,FALSE,TRUE,3
"IK_OHYPPUOVSUINHM-UHFFFAOYSA-N",40.2036250422938,FALSE,"down",1,FALSE,TRUE,TRUE,FALSE,FALSE,TRUE,3
"IK_FJAZVHYPASAQKM-JBAURARKSA-N",40.1831256339619,FALSE,"up",1,FALSE,TRUE,FALSE,FALSE,TRUE,TRUE,3
"IK_VJDOAZKNBQCAGE-UHFFFAOYSA-N",40.1831256339619,FALSE,"down",1,FALSE,TRUE,FALSE,TRUE,FALSE,TRUE,3
"IK_UMOAAMQGRRCHPA-GJCOWUBNSA-N",40.1810035846572,FALSE,"down",1,FALSE,TRUE,FALSE,FALSE,FALSE,TRUE,2
"IK_KGQYREIAHMZYSA-UHFFFAOYSA-N",40.1725153874384,FALSE,"up",1,FALSE,TRUE,FALSE,TRUE,FALSE,TRUE,3
"IK_REOMXGUTYIFDDR-MCHXITASSA-N",40.1619051409148,FALSE,"down",1,FALSE,TRUE,TRUE,FALSE,FALSE,TRUE,3
"IK_ULCCGBCYWCYNIC-UHFFFAOYSA-N",40.1597830916101,FALSE,"up",1,FALSE,TRUE,FALSE,FALSE,FALSE,TRUE,2
"IK_HMXRXOXNFHVCIP-KEKNWZKVSA-N",40.1512948943913,FALSE,"down",1,FALSE,TRUE,TRUE,FALSE,FALSE,TRUE,3
"IK_BQMFWUKNOCJDNV-HJWJTTGWSA-N",40.1406846478678,FALSE,"up",1,FALSE,TRUE,FALSE,FALSE,TRUE,TRUE,3
"IK_KPUXJBYSYFEKKB-UHFFFAOYSA-N",40.138562598563,FALSE,"up",1,FALSE,TRUE,FALSE,FALSE,FALSE,TRUE,2
"IK_PCBVVHMKRNVSDR-YJNXUYHJSA-N",40.1300744013442,FALSE,"down",1,FALSE,TRUE,TRUE,FALSE,FALSE,TRUE,3
"IK_HLPZZZJXJPXFIM-VHEBQXMUSA-N",40.1279523520395,FALSE,"down",1,FALSE,TRUE,FALSE,FALSE,FALSE,TRUE,2
"IK_IAOZJIPTCAWIRG-QWRGUYRKSA-N",40.1194641548207,FALSE,"up",1,FALSE,TRUE,FALSE,FALSE,TRUE,TRUE,3
"IK_NPDSHTNEKLQQIJ-UHFFFAOYSA-N",40.1067318589924,FALSE,"up",1,FALSE,TRUE,FALSE,FALSE,FALSE,TRUE,2
"IK_NGEWQZIDQIYUNV-UHFFFAOYSA-N",40.0977789668426,FALSE,"up",2,FALSE,TRUE,FALSE,FALSE,FALSE,TRUE,2
"IK_XRHMVNYIWRBFDB-UHFFFAOYSA-N",40.0961216124689,FALSE,"down",1,FALSE,TRUE,FALSE,FALSE,FALSE,TRUE,2
"IK_CBQJSKKFNMDLON-SNVBAGLBSA-N",40.08763341525,FALSE,"up",1,FALSE,TRUE,FALSE,FALSE,TRUE,TRUE,3
"IK_WZSDNEJJUSYNSG-UHFFFAOYSA-N",40.0855113659453,FALSE,"up",1,FALSE,TRUE,FALSE,FALSE,FALSE,TRUE,2
"NO_INCHIKEY__gly phe asn thr phe",40.0812672673359,FALSE,"down",1,FALSE,FALSE,FALSE,FALSE,FALSE,FALSE,0
"IK_XQXPVVBIMDBYFF-UHFFFAOYSA-N",40.0717362175513,FALSE,"up",1,FALSE,TRUE,FALSE,TRUE,TRUE,TRUE,4
"IK_OENIAPNUBVAGPG-YKEUAMLNSA-N",40.066412922203,FALSE,"up",1,FALSE,TRUE,TRUE,FALSE,FALSE,TRUE,3
"IK_QWYFHHGCZUCMBN-SECBINFHSA-N",40.0558026756794,FALSE,"up",1,FALSE,TRUE,FALSE,TRUE,FALSE,TRUE,3
"IK_QPYQKHOKNCVKGE-DUXPYHPUSA-N",40.0536806263747,FALSE,"up",1,FALSE,TRUE,FALSE,FALSE,FALSE,TRUE,2
"IK_FCVJYKICQNLXAX-XPTLAUCJSA-N",40.0430703798512,FALSE,"up",1,FALSE,TRUE,FALSE,FALSE,FALSE,TRUE,2
"IK_WEYCUJKFHUWUDC-BSNNDZOISA-N",40.0345821826323,FALSE,"up",1,FALSE,TRUE,TRUE,FALSE,FALSE,TRUE,3
"IK_CKFJQMKKJUVFDF-NTXOZZBFSA-N",40.0324601333276,FALSE,"down",1,FALSE,TRUE,FALSE,FALSE,FALSE,TRUE,2
"IK_PHENTZNALBMCQD-UHFFFAOYSA-N",40.0218498868041,FALSE,"up",1,FALSE,TRUE,FALSE,FALSE,FALSE,TRUE,2
"IK_NWGZOALPWZDXNG-UHFFFAOYNA-N",40.0133616895852,FALSE,"up",1,FALSE,TRUE,TRUE,FALSE,FALSE,TRUE,3
"IK_DGAUETYRWFLGRT-OPSAWKISSA-N",39.9709207034911,FALSE,"up",1,FALSE,TRUE,TRUE,FALSE,FALSE,TRUE,3
"IK_PMMYEEVYMWASQN-DMTCNVIQSA-N",39.9608050023563,FALSE,"up",2,FALSE,TRUE,FALSE,FALSE,TRUE,TRUE,3
"NO_INCHIKEY__lpa 0 018 1 9z lpa 18 1 9z 0 0 dhap 18 0 3",39.9503388854774,FALSE,"up",1,FALSE,FALSE,FALSE,FALSE,FALSE,FALSE,0
"IK_SWGXDLRCJNEEGZ-UHFFFAOYSA-N",39.949700210444,FALSE,"up",1,FALSE,TRUE,FALSE,FALSE,TRUE,TRUE,3
"IK_LVGKNOAMLMIIKO-QXMHVHEDSA-N",39.9390899639204,FALSE,"up",1,FALSE,TRUE,FALSE,FALSE,TRUE,TRUE,3
"IK_LKLLJYJTYPVCID-JVVXYUKTSA-N",39.9369679146157,FALSE,"up",1,FALSE,TRUE,FALSE,FALSE,FALSE,TRUE,2
"IK_DQKSVFVIWBOSPM-UHFFFAOYSA-N",39.9284797173969,FALSE,"up",1,FALSE,TRUE,FALSE,TRUE,FALSE,TRUE,3
"IK_HZMSBMNSIHSLPJ-KUBAVDMBSA-N",39.9034991830769,FALSE,"down",1,FALSE,TRUE,FALSE,FALSE,FALSE,TRUE,2
"IK_PPRBNBYLZZFTRZ-PSALXKTOSA-N",39.8966489778263,FALSE,"down",1,FALSE,TRUE,TRUE,FALSE,FALSE,TRUE,3
"IK_JFLIEFSWGNOPJJ-JTQLQIEISA-M",39.8945269285216,FALSE,"up",1,FALSE,TRUE,FALSE,FALSE,FALSE,TRUE,2
"IK_XSCYYIVXGBKTOC-GZZJDILISA-N",39.883916681998,FALSE,"up",1,FALSE,TRUE,FALSE,FALSE,FALSE,TRUE,2
"IK_JPIJQSOTBSSVTP-UHFFFAOYSA-N",39.8520859424274,FALSE,"up",1,FALSE,TRUE,FALSE,FALSE,FALSE,TRUE,2
"IK_ADEORFBTPGKHRP-UHFFFAOYSA-N",39.8414756959038,FALSE,"down",1,FALSE,TRUE,FALSE,FALSE,FALSE,TRUE,2
"IK_CAAULPUQFIIOTL-UHFFFAOYSA-N",39.8101339062675,FALSE,"up",1,FALSE,TRUE,FALSE,FALSE,TRUE,TRUE,3
"IK_PAXWQORCRCBOCU-LURJTMIESA-N",39.8096449563332,FALSE,"up",1,FALSE,TRUE,FALSE,FALSE,FALSE,TRUE,2
"IK_UNUYMBPXEFMLNW-DWVDDHQFSA-N",39.7884244632861,FALSE,"up",1,FALSE,TRUE,FALSE,FALSE,FALSE,TRUE,2
"IK_HZPUWSUHFOTSAY-AKTWBEBISA-N",39.779787917335,FALSE,"down",1,FALSE,TRUE,TRUE,FALSE,FALSE,TRUE,3
"IK_ZPWVTTHIHKYUQK-UHFFFAOYSA-N",39.767203970239,FALSE,"down",1,FALSE,TRUE,FALSE,FALSE,FALSE,TRUE,2
"IK_XJZNMEMKZBFUIZ-GWDFKZQESA-N",39.764020896282,FALSE,"down",1,TRUE,TRUE,FALSE,TRUE,FALSE,TRUE,3
"IK_UYXTWWCETRIEDR-UHFFFAOYSA-N",39.7587157730202,FALSE,"up",1,FALSE,TRUE,FALSE,FALSE,TRUE,TRUE,3
"IK_SGPLNSURQYXVNX-UHFFFAOYSA-N",39.7565937237155,FALSE,"down",1,FALSE,TRUE,FALSE,FALSE,FALSE,TRUE,2
"IK_IHNKQIMGVNPMTC-UHFFFAOYSA-N",39.7374952799731,FALSE,"up",1,FALSE,TRUE,FALSE,FALSE,TRUE,TRUE,3
"IK_WCFPKRXBSJDTMS-LGVIUEQGSA-N",39.7249243343937,FALSE,"down",1,FALSE,TRUE,TRUE,FALSE,FALSE,TRUE,3
"IK_AEMOLEFTQBMNLQ-AQKNRBDQSA-N",39.716274786926,FALSE,"up",1,FALSE,TRUE,FALSE,FALSE,TRUE,TRUE,3
"IK_DBTMIHPJDPGOCQ-HIFRSBDPSA-N",39.7141527376213,FALSE,"up",1,FALSE,TRUE,FALSE,FALSE,FALSE,TRUE,2
"IK_KIHBGTRZFAVZRV-UHFFFAOYSA-N",39.695054293879,FALSE,"up",1,FALSE,TRUE,FALSE,FALSE,TRUE,TRUE,3
"IK_BRENMGSWNOZDLU-LEAZDLGRSA-N",39.6929322445742,FALSE,"up",1,FALSE,TRUE,FALSE,FALSE,FALSE,TRUE,2
"IK_OGGVRVMISBQNMQ-YPBSLCSMSA-N",39.6844440473554,FALSE,"down",1,FALSE,TRUE,FALSE,FALSE,TRUE,TRUE,3
"IK_IFZSZULHIWFRSB-KZVJFYERSA-N",39.6823219980507,FALSE,"up",1,FALSE,TRUE,FALSE,FALSE,FALSE,TRUE,2
"IK_ZKRFOXLVOKTUTA-KQYNXXCUSA-N",39.6632235543083,FALSE,"up",1,FALSE,TRUE,FALSE,FALSE,TRUE,TRUE,3
"IK_SGJNQVTUYXCBKH-HNQUOIGGSA-N",39.6611015050036,FALSE,"down",1,FALSE,TRUE,FALSE,FALSE,FALSE,TRUE,2
"IK_ILJSQTXMGCGYMG-UHFFFAOYSA-N",39.6526133077848,FALSE,"down",1,FALSE,TRUE,FALSE,FALSE,TRUE,TRUE,3
"IK_SKOPRFQCOBOZFB-UHFFFAOYSA-N",39.6407669160352,FALSE,"down",1,FALSE,TRUE,TRUE,FALSE,FALSE,TRUE,3
"IK_VBUYCZFBVCCYFD-JJYYJPOSSA-N",39.6344177036213,FALSE,"up",1,FALSE,TRUE,FALSE,FALSE,FALSE,TRUE,2
"IK_OEDAQCLCHGASNH-UHFFFAOYSA-N",39.629270765433,FALSE,"up",1,FALSE,TRUE,FALSE,FALSE,FALSE,TRUE,2
"IK_KPWKPGFLZGMMFX-VHSXEESVSA-N",39.5762195328153,FALSE,"down",1,FALSE,TRUE,FALSE,FALSE,FALSE,TRUE,2
"IK_FXYFFYOQPWNFJZ-XGKJNDTMSA-N",39.5677313355964,FALSE,"up",1,FALSE,TRUE,TRUE,FALSE,FALSE,TRUE,3
"IK_SUWZHLCNFQWNPE-LATRNWQMSA-N",39.5656092862917,FALSE,"up",1,FALSE,TRUE,FALSE,FALSE,FALSE,TRUE,2
"IK_IHNHFVFOGDZMEW-UHFFFAOYSA-N",39.5571210890729,FALSE,"up",1,FALSE,TRUE,TRUE,FALSE,FALSE,TRUE,3
"IK_AURCBSWGPREGRQ-AQNFZCBMSA-M",39.5287132351613,FALSE,"up",1,FALSE,TRUE,FALSE,FALSE,FALSE,TRUE,2
"IK_FCDLCPWAQCPTKC-UHFFFAOYSA-N",39.5252903495023,FALSE,"up",1,FALSE,TRUE,FALSE,FALSE,TRUE,TRUE,3
"IK_OBXDTEXUNVDKII-FNMRUBLUSA-N",39.5171736003076,FALSE,"up",1,FALSE,TRUE,TRUE,FALSE,FALSE,TRUE,3
"IK_NODSEPOUFZPJEQ-UHFFFAOYSA-N",39.5146801029787,FALSE,"down",1,FALSE,TRUE,FALSE,TRUE,FALSE,TRUE,3
"IK_WCRMUYBCGFGNRR-LTFXTMEVSA-N",39.4706166736215,FALSE,"down",1,FALSE,TRUE,FALSE,FALSE,FALSE,TRUE,2
"IK_SOLWMULEXULIEQ-OUQHJZBVSA-N",39.461628870361,FALSE,"down",1,FALSE,TRUE,TRUE,FALSE,FALSE,TRUE,3
"IK_RGSJNIATDPJNFP-MHAUTQJVSA-N",39.4404110997631,FALSE,"down",1,FALSE,TRUE,TRUE,FALSE,FALSE,TRUE,3
"IK_JDPXOFGDHXVNAK-VHUPYEGGSA-N",39.4404083773139,FALSE,"up",1,FALSE,TRUE,TRUE,FALSE,FALSE,TRUE,3
"IK_JIQLAAKADXSVTE-HTQZYQBOSA-N",39.4382863280092,FALSE,"up",1,FALSE,TRUE,FALSE,FALSE,FALSE,TRUE,2
"IK_PXVMEXBCFJTGCL-RCHUDCCISA-N",39.4297981307904,FALSE,"up",1,FALSE,TRUE,FALSE,TRUE,FALSE,TRUE,3
"IK_ZZCHHVUQYRMYLW-HKBQPEDESA-N",39.4276760814857,FALSE,"down",1,FALSE,TRUE,FALSE,FALSE,FALSE,TRUE,2
"IK_AEOYRSISBCASMX-UHFFFAOYSA-N",39.4085776377433,FALSE,"down",1,FALSE,TRUE,TRUE,FALSE,FALSE,TRUE,3
"IK_IIRJJZHHNGABMQ-WPRPVWTQSA-N",39.4064555884386,FALSE,"up",1,FALSE,TRUE,FALSE,FALSE,FALSE,TRUE,2
"IK_CMHMMKSPYOOVGI-UHFFFAOYSA-N",39.3979673912197,FALSE,"up",1,FALSE,TRUE,FALSE,FALSE,TRUE,TRUE,3
"IK_UDTWZFJEMMUFLC-UHFFFAOYSA-N",39.3873571446962,FALSE,"up",1,FALSE,TRUE,FALSE,FALSE,TRUE,TRUE,3
"IK_BIEOSECQPGGZMF-WMPRHZDHSA-N",39.3867915280191,FALSE,"up",1,FALSE,TRUE,FALSE,FALSE,FALSE,TRUE,2
"IK_KCEQGTJBAICOKH-UHFFFAOYSA-N",39.3427941092973,FALSE,"up",1,FALSE,TRUE,FALSE,FALSE,FALSE,TRUE,2
"IK_WHEUWNKSCXYKBU-QPWUGHHJSA-N",39.3407385730418,FALSE,"down",1,FALSE,TRUE,FALSE,FALSE,TRUE,TRUE,3
"IK_KDGAYJIGGCDHPH-UWVGGRQHSA-N",39.3215736162502,FALSE,"up",1,FALSE,TRUE,FALSE,FALSE,FALSE,TRUE,2
"IK_LXNHXLLTXMVWPM-UHFFFAOYSA-N",39.3183905422932,FALSE,"down",1,TRUE,TRUE,FALSE,FALSE,TRUE,TRUE,3
"IK_XZDDLHQSVWZOPD-MYGLTJDJSA-N",39.3173661046978,FALSE,"down",1,FALSE,TRUE,FALSE,FALSE,FALSE,TRUE,2
"IK_BYXCFUMGEBZDDI-UHFFFAOYSA-N",39.2840616830093,FALSE,"down",1,FALSE,TRUE,FALSE,FALSE,FALSE,TRUE,2
"IK_SUHOQUVVVLNYQR-UHFFFAOYSA-N",39.2812546794608,FALSE,"up",1,FALSE,TRUE,FALSE,FALSE,TRUE,TRUE,3
"IK_XWHHYOYVRVGJJY-QMMMGPOBSA-N",39.2791326301561,FALSE,"up",1,FALSE,TRUE,FALSE,FALSE,FALSE,TRUE,2
"IK_DWTTZBARDOXEAM-GXTWGEPZSA-N",39.2753264562639,FALSE,"down",1,FALSE,TRUE,FALSE,FALSE,TRUE,TRUE,3
"IK_QWUWMCYKGHVNAV-UHFFFAOYSA-N",39.2727664822419,FALSE,"up",1,FALSE,TRUE,FALSE,TRUE,TRUE,TRUE,4
"IK_XHLKZBFZGPVOIC-ZPHPHTNESA-N",39.2698389118709,FALSE,"down",1,FALSE,TRUE,FALSE,FALSE,FALSE,TRUE,2
"IK_ZFMJJVQJMOVKIB-RQOIEFAZSA-N",39.2601229629762,FALSE,"down",1,FALSE,TRUE,FALSE,FALSE,FALSE,TRUE,2
"IK_KLAONOISLHWJEE-QWRGUYRKSA-N",39.2452212787498,FALSE,"up",1,FALSE,TRUE,FALSE,TRUE,FALSE,TRUE,3
"IK_FKEIHZHIVAFDLO-RYPYTVSESA-N",39.2282034468431,FALSE,"down",1,FALSE,TRUE,TRUE,FALSE,FALSE,TRUE,3
"IK_KABXUUFDPUOJMW-BYPYZUCNSA-N",39.2154711510148,FALSE,"up",1,FALSE,TRUE,FALSE,FALSE,FALSE,TRUE,2
"IK_AYJXHIDNNLJQDT-UHFFFAOYSA-N",39.206982953796,FALSE,"down",1,FALSE,TRUE,FALSE,TRUE,FALSE,TRUE,3
"IK_IANQTJSKSUMEQM-UHFFFAOYSA-N",39.1857624607489,FALSE,"up",1,FALSE,TRUE,FALSE,FALSE,TRUE,TRUE,3
"IK_XTKGXPFBKPYFDW-UHFFFAOYSA-N",39.1836404114442,FALSE,"down",1,FALSE,TRUE,FALSE,FALSE,FALSE,TRUE,2
"IK_FKSLBYVOWOXWMB-YTBCMDLOSA-N",39.1751522142253,FALSE,"up",1,FALSE,TRUE,FALSE,FALSE,TRUE,TRUE,3
"IK_ZEMGGZBWXRYJHK-UHFFFAOYSA-N",39.1645419677018,FALSE,"down",1,FALSE,TRUE,FALSE,TRUE,FALSE,TRUE,3
"IK_DKLGLHQHLFISGJ-YLBFUXKPSA-N",39.1624199183971,FALSE,"up",1,FALSE,TRUE,FALSE,FALSE,FALSE,TRUE,2
"IK_ABOLXXZAJIAUGR-JPMMFUSZSA-N",39.15923684444,FALSE,"up",1,TRUE,TRUE,FALSE,TRUE,FALSE,TRUE,3
"IK_APOJPGQGVODAOE-AUPUWKESSA-N",39.1539317211783,FALSE,"up",1,FALSE,TRUE,FALSE,TRUE,FALSE,TRUE,3
"UNKNOWN_ROW__24167579__unknown_104",39.1424433852873,FALSE,"down",1,FALSE,FALSE,FALSE,FALSE,FALSE,FALSE,0
"UNKNOWN_ROW__24167579__unknown_132",39.1424433852873,FALSE,"down",1,FALSE,FALSE,FALSE,FALSE,FALSE,FALSE,0
"IK_CGGKIILOLKTYHS-LJGQSTEHSA-N",39.1221009816076,FALSE,"down",1,FALSE,TRUE,TRUE,FALSE,FALSE,TRUE,3
"IK_GYQQQCVFOLKXGH-LDSFXQROSA-N",39.1093686857794,FALSE,"down",1,FALSE,TRUE,FALSE,FALSE,FALSE,TRUE,2
"IK_GKUMMDFLKGFCKH-URYVQPGZSA-N",39.1008804885605,FALSE,"up",1,FALSE,TRUE,FALSE,FALSE,TRUE,TRUE,3
"IK_MALNXHYEPCSPPU-UWVGGRQHSA-N",39.0987584392558,FALSE,"up",1,FALSE,TRUE,FALSE,FALSE,FALSE,TRUE,2
"IK_HVDGDHBAMCBBLR-PBHICJAKSA-N",39.090270242037,FALSE,"up",1,FALSE,TRUE,FALSE,FALSE,TRUE,TRUE,3
"IK_JYEFAZDBHWGXHI-HWKANZROSA-N",39.0669276996852,FALSE,"up",1,FALSE,TRUE,FALSE,FALSE,FALSE,TRUE,2
"IK_MPSATYYKSWVJNQ-NSZXNXEKSA-N",39.0584395024664,FALSE,"up",1,FALSE,TRUE,TRUE,FALSE,FALSE,TRUE,3
"IK_CLJGMBYGTHRUNF-PJQJKGEDSA-N",39.0457072066381,FALSE,"down",1,FALSE,TRUE,FALSE,FALSE,FALSE,TRUE,2
"IK_GJZJZRWFRZFTEE-ONEGZZNKSA-N",39.0350969601146,FALSE,"up",1,FALSE,TRUE,FALSE,FALSE,FALSE,TRUE,2
"IK_JCELSEVNSMXGKA-IOLBBIBUSA-N",39.0133852082262,FALSE,"down",1,FALSE,TRUE,FALSE,FALSE,FALSE,TRUE,2
"IK_YBGWTZSEYYMFJI-AXUSBXICSA-N",38.9926559740204,FALSE,"up",1,FALSE,TRUE,FALSE,FALSE,FALSE,TRUE,2
"IK_VMUXSMXIQBNMGZ-UHFFFAOYSA-N",38.9774117788631,FALSE,"up",1,FALSE,TRUE,FALSE,FALSE,TRUE,TRUE,3
"IK_IVFYLRMMHVYGJH-PVPPCFLZSA-N",38.973557530278,FALSE,"up",1,FALSE,TRUE,TRUE,FALSE,FALSE,TRUE,3
"IK_NXYCBMGKNCJXIC-CNEMSGBDSA-N",38.9714354809733,FALSE,"up",1,FALSE,TRUE,FALSE,FALSE,FALSE,TRUE,2
"IK_HJIKODJJEORHMZ-NNPZUXBVSA-N",38.9396047414027,FALSE,"up",1,FALSE,TRUE,FALSE,FALSE,FALSE,TRUE,2
"IK_KZXGPOLABXFBDK-SCFYABBUSA-N",38.9205062976603,FALSE,"up",1,FALSE,TRUE,TRUE,FALSE,FALSE,TRUE,3
"IK_KDCCOOGTVSRCHX-RWPZCVJISA-N",38.9098960511368,FALSE,"down",1,FALSE,TRUE,FALSE,FALSE,TRUE,TRUE,3
"IK_XZTUSOXSLKTKJQ-CESUGQOBSA-N",38.8992858046132,FALSE,"up",1,FALSE,TRUE,FALSE,FALSE,TRUE,TRUE,3
"UNKNOWN_ROW__24167579__unknown_197",38.8925537861293,FALSE,"up",1,FALSE,FALSE,FALSE,FALSE,FALSE,FALSE,0
"IK_COCNDHOPIHDTHK-UHFFFAOYSA-N",38.8907976073944,FALSE,"up",1,FALSE,TRUE,TRUE,FALSE,TRUE,TRUE,4
"IK_QQZAQKGMSREYHF-KDEBBMLKSA-N",38.8780653115661,FALSE,"down",1,FALSE,TRUE,TRUE,FALSE,FALSE,TRUE,3
"IK_QMPHZIPNNJOWQI-DUXPYHPUSA-N",38.8547227692143,FALSE,"up",1,FALSE,TRUE,FALSE,FALSE,FALSE,TRUE,2
"IK_XVOHELPNOXGRBQ-NXAIOARDSA-N",38.8462345719955,FALSE,"up",1,FALSE,TRUE,FALSE,FALSE,TRUE,TRUE,3
"IK_WLGDDELKYAWBBL-UHFFFAOYSA-N",38.8335022761673,FALSE,"up",1,FALSE,TRUE,FALSE,FALSE,FALSE,TRUE,2
"IK_FVKFHMNJTHKMRX-UHFFFAOYSA-N",38.8250140789484,FALSE,"up",1,FALSE,TRUE,TRUE,FALSE,FALSE,TRUE,3
"IK_JNNQVGBQCBFXRU-ZZTWLFPRSA-N",38.8144038324249,FALSE,"up",1,FALSE,TRUE,TRUE,FALSE,FALSE,TRUE,3
"IK_JDZBITULCWBIMC-AEQQXRABSA-N",38.8122817831202,FALSE,"down",1,FALSE,TRUE,FALSE,FALSE,FALSE,TRUE,2
"IK_CPAGZVLINCPJEH-UHFFFAOYSA-N",38.8082380863716,FALSE,"down",1,FALSE,TRUE,FALSE,FALSE,FALSE,TRUE,2
"IK_YIKYNHJUKRTCJL-UHFFFAOYSA-N",38.8037935859013,FALSE,"up",1,FALSE,TRUE,FALSE,FALSE,TRUE,TRUE,3
"IK_WYIMORDZGCUBAA-UHFFFAOYSA-N",38.776529882081,FALSE,"up",1,FALSE,TRUE,FALSE,FALSE,FALSE,TRUE,2
"IK_WBYWAXJHAXSJNI-VOTSOKGWSA-N",38.7740848956354,FALSE,"up",1,FALSE,TRUE,TRUE,FALSE,TRUE,TRUE,4
"UNKNOWN_ROW__24167579__unknown_194",38.7676089865504,FALSE,"down",1,FALSE,FALSE,FALSE,FALSE,FALSE,FALSE,0
"IK_YZNNBIPIQWYLDM-HSUXUTPPSA-N",38.7507423532836,FALSE,"up",1,FALSE,TRUE,FALSE,FALSE,TRUE,TRUE,3
"IK_SKMHHHHLLBKNKR-UHFFFAOYSA-M",38.7486203039789,FALSE,"up",1,FALSE,TRUE,FALSE,FALSE,FALSE,TRUE,2
"IK_DCXJOVUZENRYSH-UHFFFAOYSA-N",38.7295218602365,FALSE,"down",1,FALSE,TRUE,FALSE,FALSE,TRUE,TRUE,3
"IK_WQXXXHMEBYGSBG-OLQVQODUSA-N",38.7273998109318,FALSE,"down",1,FALSE,TRUE,FALSE,FALSE,FALSE,TRUE,2
"IK_CWMPPVPFLSZGCY-SREVYHEPSA-N",38.7123457674203,FALSE,"up",1,FALSE,TRUE,FALSE,TRUE,FALSE,TRUE,3
"IK_JAZBEHYOTPTENJ-RCHUDCCISA-N",38.7104234164942,FALSE,"down",1,FALSE,TRUE,FALSE,TRUE,TRUE,TRUE,4
"IK_MALFODICFSIXPO-KFKQDBFTSA-N",38.7083013671894,FALSE,"down",1,FALSE,TRUE,FALSE,FALSE,TRUE,TRUE,3
"IK_TYFQFVWCELRYAO-UHFFFAOYSA-N",38.6976911206659,FALSE,"up",1,FALSE,TRUE,FALSE,FALSE,TRUE,TRUE,3
"IK_DKHSNOLJPXJJMD-GQDNDFQBSA-N",38.6849588248377,FALSE,"up",1,FALSE,TRUE,FALSE,FALSE,FALSE,TRUE,2
"IK_RUDATBOHQWOJDD-GCJQIVLTSA-N",38.6849588248377,FALSE,"up",1,FALSE,TRUE,FALSE,FALSE,FALSE,TRUE,2
"IK_PRXCKJGVECBOID-WXGDJGGUSA-N",38.6764706276188,FALSE,"up",1,FALSE,TRUE,FALSE,TRUE,FALSE,TRUE,3
"IK_CFBVGSWSOJBYGC-UHFFFAOYSA-N",38.6584332085288,FALSE,"up",1,TRUE,TRUE,FALSE,FALSE,FALSE,TRUE,2
"IK_NDLCPYLJACQPTP-XBLVEGMJSA-N",38.653128085267,FALSE,"down",1,FALSE,TRUE,FALSE,FALSE,FALSE,TRUE,2
"IK_YSLVYCWXAPPBIQ-UHFFFAOYSA-N",38.653128085267,FALSE,"down",1,FALSE,TRUE,FALSE,FALSE,FALSE,TRUE,2
"IK_GXEIJYZRCDTJTE-DOFZRALJSA-N",38.6478195442176,FALSE,"up",1,FALSE,TRUE,FALSE,FALSE,FALSE,TRUE,2
"IK_ZGXJTSGNIOSYLO-UHFFFAOYSA-N",38.6425178387435,FALSE,"down",1,FALSE,TRUE,FALSE,FALSE,FALSE,TRUE,2
"IK_KMTRUDSVKNLOMY-UHFFFAOYSA-N",38.6340296415246,FALSE,"up",1,FALSE,TRUE,FALSE,FALSE,TRUE,TRUE,3
"IK_MAAMGQXOTCBPFS-JPGWWKBXSA-N",38.6234193950011,FALSE,"down",1,FALSE,TRUE,TRUE,FALSE,FALSE,TRUE,3
"IK_BWUHENPAEMNGQJ-ZDLURKLDSA-N",38.6172315677065,FALSE,"up",1,FALSE,TRUE,FALSE,FALSE,FALSE,TRUE,2
"IK_HYQNKKAJVPMBDR-HIFRSBDPSA-N",38.6128091484776,FALSE,"down",1,FALSE,TRUE,FALSE,FALSE,TRUE,TRUE,3
"IK_XKXOQMAKWNRIFD-MHDFSROXSA-N",38.602198901954,FALSE,"up",1,FALSE,TRUE,FALSE,TRUE,FALSE,TRUE,3
"IK_SIDKXKCKKVBGMY-UHFFFAOYSA-N",38.6000768526493,FALSE,"up",1,FALSE,TRUE,FALSE,FALSE,FALSE,TRUE,2
"IK_PYINVOHSOZSEPB-DKGLCQEFSA-N",38.5915886554305,FALSE,"down",1,FALSE,TRUE,FALSE,FALSE,TRUE,TRUE,3
"IK_SUHVYZXHTHHCTK-GFZABIRZSA-N",38.5809784089069,FALSE,"down",1,FALSE,TRUE,TRUE,FALSE,FALSE,TRUE,3
"IK_AGPKZVBTJJNPAG-UHFFFAOYSA-N",38.5703681623834,FALSE,"up",1,FALSE,TRUE,TRUE,FALSE,FALSE,TRUE,3
"IK_WAZYDHAWJWFGBD-LMJTUUMUSA-N",38.5597579158599,FALSE,"down",1,FALSE,TRUE,TRUE,FALSE,FALSE,TRUE,3
"IK_DQBQWWSFRPLIAX-UHFFFAOYSA-N",38.5470256200316,FALSE,"up",1,FALSE,TRUE,FALSE,FALSE,FALSE,TRUE,2
"IK_HEBKCHPVOIAQTA-NGQZWQHPSA-N",38.5384648982566,FALSE,"up",1,FALSE,TRUE,FALSE,TRUE,TRUE,TRUE,4
"IK_COXWPCPYWFBNJH-UHFFFAOYSA-N",38.5258051269845,FALSE,"up",1,FALSE,TRUE,FALSE,FALSE,FALSE,TRUE,2
"IK_ZDLDXNCMJBOYJV-YFKPBYRVSA-N",38.5220611938544,FALSE,"down",1,FALSE,TRUE,FALSE,FALSE,FALSE,TRUE,2
"UNKNOWN_ROW__24167579__unknown_192",38.5177193873924,FALSE,"up",1,FALSE,FALSE,FALSE,FALSE,FALSE,FALSE,0
"IK_QTAGQHZOLRFCBU-UHFFFAOYSA-N",38.515194880461,FALSE,"down",1,FALSE,TRUE,FALSE,FALSE,FALSE,TRUE,2
"IK_CLUWOWRTHNNBBU-UHFFFAOYSA-N",38.5045846339374,FALSE,"down",1,FALSE,TRUE,FALSE,FALSE,FALSE,TRUE,2
"IK_OQOOVTUAIDXHMC-KCWQRWSDSA-N",38.4960964367186,FALSE,"up",1,FALSE,TRUE,TRUE,FALSE,FALSE,TRUE,3
"IK_KZUXSHYAXPMDNJ-UHFFFAOYSA-N",38.4939743874139,FALSE,"up",1,FALSE,TRUE,FALSE,FALSE,FALSE,TRUE,2
"IK_AGSPXMVUFBBBMO-UHFFFAOYSA-N",38.4854861901951,FALSE,"up",1,FALSE,TRUE,FALSE,FALSE,TRUE,TRUE,3
"IK_XULZWQRXYTVUTE-UHFFFAOYSA-N",38.4833641408903,FALSE,"up",1,FALSE,TRUE,FALSE,FALSE,FALSE,TRUE,2
"IK_PDWIQYODPROSQH-PYHARJCCSA-N",38.4748759436715,FALSE,"up",1,FALSE,TRUE,FALSE,FALSE,TRUE,TRUE,3
"IK_OWFJMIVZYSDULZ-PXOLEDIWSA-N",38.4727538943668,FALSE,"up",1,FALSE,TRUE,FALSE,FALSE,FALSE,TRUE,2
"IK_NMDWGEGFJUBKLB-UHFFFAOYSA-N",38.4663877464527,FALSE,"down",1,FALSE,TRUE,FALSE,TRUE,TRUE,TRUE,4
"IK_OXENLKNOBTVOJA-JLNKQSITSA-N",38.4621436478433,FALSE,"up",1,FALSE,TRUE,FALSE,FALSE,FALSE,TRUE,2
"IK_RHZRNGQIDYHQPV-UHFFFAOYSA-N",38.4568385245815,FALSE,"up",1,TRUE,TRUE,FALSE,FALSE,FALSE,TRUE,2
"IK_VVQNEPGJFQJSBK-UHFFFAOYSA-N",38.4430452041009,FALSE,"up",1,FALSE,TRUE,FALSE,FALSE,TRUE,TRUE,3
"IK_UCDCOJNNUVYFKJ-UHFFFAOYSA-N",38.4306219445791,FALSE,"up",1,FALSE,TRUE,FALSE,FALSE,FALSE,TRUE,2
"IK_SLXKOJJOQWFEFD-UHFFFAOYSA-N",38.4218247110538,FALSE,"up",1,FALSE,TRUE,FALSE,FALSE,TRUE,TRUE,3
"IK_KBJNLOFREYBAHR-UZIPXBRASA-N",38.4112144645303,FALSE,"down",1,FALSE,TRUE,FALSE,TRUE,FALSE,TRUE,3
"IK_TVEOVCYCYGKVPP-HSCHXYMDSA-N",38.4090924152255,FALSE,"up",1,FALSE,TRUE,FALSE,FALSE,FALSE,TRUE,2
"NO_INCHIKEY__possible phytochemical",38.3927745878135,FALSE,"up",1,FALSE,FALSE,FALSE,FALSE,FALSE,FALSE,0
"IK_HASVPNDDKSXPGU-HYSOADAZSA-O",38.3899939714832,FALSE,"down",1,FALSE,TRUE,FALSE,TRUE,FALSE,TRUE,3
"IK_CHTHALBTIRVDBM-UHFFFAOYSA-N",38.3878719221785,FALSE,"up",1,FALSE,TRUE,FALSE,FALSE,FALSE,TRUE,2
"IK_JXOHGGNKMLTUBP-HSUXUTPPSA-N",38.3867401769818,FALSE,"up",1,FALSE,TRUE,FALSE,FALSE,TRUE,TRUE,3
"IK_GGAXPLCKKANQED-UHFFFAOYSA-N",38.3772616756549,FALSE,"down",1,FALSE,TRUE,FALSE,FALSE,FALSE,TRUE,2
"IK_ZTQSAGDEMFDKMZ-UHFFFAOYSA-N",38.3496750346937,FALSE,"up",1,FALSE,TRUE,FALSE,TRUE,TRUE,TRUE,4
"IK_KBOJOGQFRVVWBH-ZETCQYMHSA-N",38.3427966679819,FALSE,"up",1,FALSE,TRUE,FALSE,FALSE,TRUE,TRUE,3
"IK_DEFJQIDDEAULHB-IMJSIDKUSA-N",38.3374668773399,FALSE,"up",1,FALSE,TRUE,FALSE,FALSE,TRUE,TRUE,3
"IK_CCVYRRGZDBSHFU-UHFFFAOYSA-N",38.3369427388654,FALSE,"down",1,FALSE,TRUE,FALSE,FALSE,TRUE,TRUE,3
"IK_NDYMQXYDSVBNLL-MUYMLXPFSA-N",38.3263324923419,FALSE,"up",1,FALSE,TRUE,FALSE,FALSE,TRUE,TRUE,3
"IK_XSXIVVZCUAHUJO-AVQMFFATSA-N",38.3242104430372,FALSE,"down",1,FALSE,TRUE,FALSE,FALSE,FALSE,TRUE,2
"IK_VOZHMDQUIRUFQW-LOTHNZFDSA-N",38.3078429666747,FALSE,"up",1,FALSE,TRUE,TRUE,FALSE,FALSE,TRUE,3
"IK_OTTXIFWBPRRYOG-UHFFFAOYSA-N",38.2838915062477,FALSE,"down",1,FALSE,TRUE,FALSE,FALSE,TRUE,TRUE,3
"IK_AGVRWBBFKKEVAX-QIEOIKHQSA-N",38.2626710132007,FALSE,"up",1,FALSE,TRUE,TRUE,FALSE,FALSE,TRUE,3
"IK_LDKDGDIWEUUXSH-UHFFFAOYSA-N",38.2499387173724,FALSE,"up",1,FALSE,TRUE,FALSE,FALSE,FALSE,TRUE,2
"IK_OEKUSRBIIZNLHZ-DJDNIQJZSA-N",38.2287182243253,FALSE,"up",1,FALSE,TRUE,FALSE,FALSE,FALSE,TRUE,2
"IK_OXUGTFWFXADACU-PXNASSMWSA-N",38.2096197805829,FALSE,"down",1,FALSE,TRUE,TRUE,FALSE,FALSE,TRUE,3
"IK_LMAFCBRBDQCUTK-HGDYXINXSA-N",38.1968874847547,FALSE,"up",1,FALSE,TRUE,FALSE,FALSE,FALSE,TRUE,2
"IK_QOCIXWKQPBGFFQ-XUAUDTQZSA-N",38.1671787944888,FALSE,"down",1,FALSE,TRUE,TRUE,FALSE,FALSE,TRUE,3
"IK_VCXKVGMRVJRCIV-XRKADIMJSA-N",38.1552787442296,FALSE,"up",1,FALSE,TRUE,FALSE,FALSE,FALSE,TRUE,2
"IK_JPRQDPHQDRCGNK-SJCQXOIGSA-N",38.1520265394248,FALSE,"down",1,FALSE,TRUE,TRUE,FALSE,FALSE,TRUE,3
"IK_LFLWRPZTBUUBEQ-ZRJLWMKBSA-N",38.1491928814498,FALSE,"up",1,FALSE,TRUE,FALSE,FALSE,FALSE,TRUE,2
"IK_UJFWRUHMFNKTTC-UHFFFAOYSA-N",38.1459583014417,FALSE,"up",1,FALSE,TRUE,TRUE,FALSE,FALSE,TRUE,3
"IK_SAWAIULJDYFLPD-CTTWBBHYSA-N",38.143836252137,FALSE,"down",1,FALSE,TRUE,FALSE,FALSE,FALSE,TRUE,2
"IK_LAGYWHSFHIMTPE-UHFFFAOYSA-N",38.1382579733782,FALSE,"down",1,TRUE,TRUE,FALSE,FALSE,FALSE,TRUE,2
"IK_AMDPNECWKZZEBQ-UHFFFAOYSA-N",38.1120055125663,FALSE,"down",1,FALSE,TRUE,FALSE,FALSE,FALSE,TRUE,2
"IK_KBDSLGBFQAGHBE-MSGMIQHVSA-N",38.1120055125663,FALSE,"down",1,FALSE,TRUE,FALSE,FALSE,FALSE,TRUE,2
"IK_NANHIUZYPFDGJS-UHFFFAOYSA-N",38.1035173153475,FALSE,"up",1,FALSE,TRUE,TRUE,FALSE,FALSE,TRUE,3
"IK_GOVYBPLHWIEHEJ-UHFFFAOYSA-N",38.1013952660428,FALSE,"up",1,FALSE,TRUE,FALSE,FALSE,FALSE,TRUE,2
"IK_IEPGNWMPIFDNSD-HZJYTTRNSA-N",38.0968054244713,FALSE,NA,1,FALSE,TRUE,FALSE,FALSE,TRUE,TRUE,3
"IK_GOWRYACIDZSIHI-KBPBESRZSA-N",38.0960099317016,FALSE,NA,1,FALSE,TRUE,FALSE,FALSE,TRUE,TRUE,3
"IK_RUYUCCQRWINUHE-UHFFFAOYSA-N",38.0959337427506,FALSE,NA,1,FALSE,TRUE,FALSE,FALSE,TRUE,TRUE,3
"IK_QIVBCDIJIAJPQS-HLTLGYGQSA-N",38.092907068824,FALSE,"up",1,FALSE,TRUE,TRUE,FALSE,FALSE,TRUE,3
"IK_OUDSFQBUEBFSPS-UHFFFAOYSA-N",38.0907850195193,FALSE,"down",1,FALSE,TRUE,FALSE,FALSE,FALSE,TRUE,2
"IK_UBMDAKWARMURDL-FNORWQNLSA-N",38.0798928585074,FALSE,NA,1,FALSE,TRUE,FALSE,FALSE,TRUE,TRUE,3
"IK_XWBICGCZKGTPCH-MBNYWOFBSA-N",38.0798928585074,FALSE,NA,1,FALSE,TRUE,FALSE,FALSE,TRUE,TRUE,3
"IK_ILNJBIQQAIIMEY-UHFFFAOYSA-N",38.0695645264722,FALSE,"down",1,FALSE,TRUE,FALSE,FALSE,FALSE,TRUE,2
"IK_DTUQWGWMVIHBKE-UHFFFAOYSA-N",38.0652020684688,FALSE,NA,1,FALSE,TRUE,FALSE,FALSE,TRUE,TRUE,3
"IK_ZHTQCPCDXKMMLU-UHFFFAOYSA-N",38.0610763292533,FALSE,"down",1,FALSE,TRUE,FALSE,FALSE,TRUE,TRUE,3
"IK_COKMIXFXJJXBQG-NRFANRHFSA-N",38.0581147313159,TRUE,"up",2,TRUE,TRUE,FALSE,FALSE,TRUE,TRUE,3
"IK_VEORPZCZECFIRK-UHFFFAOYSA-N",38.0544832537726,FALSE,NA,1,FALSE,TRUE,FALSE,FALSE,TRUE,TRUE,3
"IK_BNIXVQGCZULYKV-UHFFFAOYSA-N",38.0529705003746,FALSE,NA,1,FALSE,TRUE,FALSE,FALSE,TRUE,TRUE,3
"IK_UXFQDXABPXWSTK-ZDUSSCGKSA-N",38.0507686596186,FALSE,NA,1,FALSE,TRUE,FALSE,FALSE,TRUE,TRUE,3
"IK_IDAICLIJTRXNER-UHFFFAOYSA-N",38.0447590526987,FALSE,NA,1,FALSE,TRUE,FALSE,FALSE,TRUE,TRUE,3
"IK_NJMGRJLQRLFQQX-HYXAFXHYSA-N",38.0447590526987,FALSE,NA,1,FALSE,TRUE,FALSE,FALSE,TRUE,TRUE,3
"IK_ISRLGZXSKRDKID-JXBDSQKUSA-N",38.0425543448353,FALSE,NA,1,FALSE,TRUE,FALSE,FALSE,TRUE,TRUE,3
"IK_CXGDCGIPEJKSCK-UHFFFAOYSA-N",38.0411280289706,FALSE,NA,1,FALSE,TRUE,FALSE,FALSE,TRUE,TRUE,3
"IK_AKCRVYNORCOYQT-UHFFFAOYSA-N",38.0396091393489,FALSE,NA,1,FALSE,TRUE,FALSE,FALSE,TRUE,TRUE,3
"IK_NFWKVWVWBFBAOV-MISYRCLQSA-N",38.0299405105612,FALSE,NA,1,FALSE,TRUE,FALSE,FALSE,TRUE,TRUE,3
"IK_NXJDPFSYOMFVES-SUTPNROZSA-N",38.0292455896827,FALSE,"down",1,FALSE,TRUE,TRUE,FALSE,FALSE,TRUE,3
"IK_OZJPLYNZGCXSJM-UHFFFAOYSA-N",38.0186353431592,FALSE,"down",1,FALSE,TRUE,FALSE,FALSE,TRUE,TRUE,3
"IK_WKZWTZTZWGWEGE-UHFFFAOYSA-N",38.0059030473309,FALSE,"up",1,FALSE,TRUE,FALSE,FALSE,FALSE,TRUE,2
"IK_FSQQTNAZHBEJLS-UPHRSURJSA-N",37.9984094472552,FALSE,"down",1,FALSE,TRUE,FALSE,FALSE,TRUE,TRUE,3
"IK_QZNPNKJXABGCRC-FUTKDDECSA-N",37.9974148501121,FALSE,"up",1,FALSE,TRUE,FALSE,FALSE,TRUE,TRUE,3
"IK_HNJBEVLQSNELDL-UHFFFAOYSA-N",37.9946003385658,FALSE,NA,1,FALSE,TRUE,FALSE,FALSE,TRUE,TRUE,3
"IK_LCPYQJIKPJDLLB-UWVGGRQHSA-N",37.9928236752869,FALSE,NA,1,FALSE,TRUE,FALSE,FALSE,TRUE,TRUE,3
"IK_HVFNSJGQAVFVAX-LDOBPFQESA-N",37.9868046035885,FALSE,"down",1,FALSE,TRUE,TRUE,FALSE,FALSE,TRUE,3
"IK_POJWUDADGALRAB-UHFFFAOYSA-N",37.9799961576833,FALSE,NA,1,FALSE,TRUE,FALSE,FALSE,TRUE,TRUE,3
"IK_BBTRJIPCRXSCEB-TXICZTDVSA-N",37.9790459117519,FALSE,NA,1,FALSE,TRUE,TRUE,FALSE,FALSE,TRUE,3
"IK_ODXINVOINFDDDD-AHHZEYPCSA-N",37.9674846865851,FALSE,NA,1,FALSE,TRUE,TRUE,FALSE,FALSE,TRUE,3
"IK_ZHCKPJGJQOPTLB-UHFFFAOYSA-N",37.9616140722023,FALSE,NA,1,FALSE,TRUE,TRUE,FALSE,FALSE,TRUE,3
"IK_SHGAZHPCJJPHSC-YCNIQYBTSA-N",37.9521925372593,FALSE,"up",1,FALSE,TRUE,TRUE,FALSE,FALSE,TRUE,3
"IK_XIFCIPQKMAMFGE-QIAWJANFSA-N",37.9443636174944,FALSE,"up",1,FALSE,TRUE,TRUE,FALSE,FALSE,TRUE,3
"IK_YYZUSRORWSJGET-UHFFFAOYSA-N",37.9443636174944,FALSE,"up",1,FALSE,TRUE,FALSE,FALSE,TRUE,TRUE,3
"IK_QKNCKSQAXGWPIK-FOWTUZBSSA-N",37.9231431244473,FALSE,"up",1,FALSE,TRUE,FALSE,TRUE,FALSE,TRUE,3
"IK_DZTHIGRZJZPRDV-UHFFFAOYSA-N",37.9210210751426,FALSE,"up",1,FALSE,TRUE,FALSE,FALSE,FALSE,TRUE,2
"IK_JMCOUWKXLXDERB-WMZOPIPTSA-N",37.9060840186188,FALSE,"down",1,FALSE,TRUE,FALSE,TRUE,FALSE,TRUE,3
"IK_SATGKQGFUDXGAX-MYWFJNCASA-N",37.8807021383531,FALSE,"up",1,FALSE,TRUE,FALSE,FALSE,TRUE,TRUE,3
"IK_DAUHTFNYHSOVRQ-ZETCQYMHSA-N",37.8709525922608,FALSE,"down",1,FALSE,TRUE,TRUE,FALSE,FALSE,TRUE,3
"IK_FMYKJLXRRQTBOR-BZSNNMDCSA-N",37.8679698425249,FALSE,"up",1,FALSE,TRUE,FALSE,FALSE,FALSE,TRUE,2
"IK_JKTAZDIARLXYPE-UHFFFAOYSA-N",37.8573595960013,FALSE,"up",1,FALSE,TRUE,FALSE,FALSE,FALSE,TRUE,2
"IK_PZRFVAHZNWPPAC-VBKSFVIKSA-N",37.8382611522589,FALSE,"up",1,FALSE,TRUE,FALSE,TRUE,FALSE,TRUE,3
"IK_BUTLOLBCWDNVGA-UHFFFAOYSA-N",37.8149186099071,FALSE,"up",1,FALSE,TRUE,FALSE,FALSE,FALSE,TRUE,2
"IK_KCPRJVDBLLJBMF-LGPQXENESA-N",37.8096134866454,FALSE,"down",1,TRUE,TRUE,FALSE,FALSE,FALSE,TRUE,2
"IK_CDAISMWEOUEBRE-GPIVLXJGSA-N",37.7981220501563,FALSE,"up",1,FALSE,TRUE,TRUE,TRUE,TRUE,FALSE,4
"IK_BXNJHAXVSOCGBA-UHFFFAOYSA-N",37.7958201661648,FALSE,"down",1,FALSE,TRUE,FALSE,FALSE,TRUE,TRUE,3
"IK_TYHJMEIBGDDCPA-UHFFFAOYSA-N",37.7830878703365,FALSE,"down",1,FALSE,TRUE,FALSE,FALSE,FALSE,TRUE,2
"IK_GYPQKMKDLBCBMB-XTVBGRGASA-N",37.7745996731177,FALSE,"up",1,FALSE,TRUE,TRUE,FALSE,FALSE,TRUE,3
"IK_JLPULHDHAOZNQI-ZTIMHPMXSA-N",37.7675722973206,FALSE,"down",1,FALSE,TRUE,FALSE,FALSE,FALSE,TRUE,2
"IK_VWTPJNGTEYZXFV-ZWKQNVPVSA-N",37.7533791800706,FALSE,"down",1,FALSE,TRUE,FALSE,FALSE,TRUE,TRUE,3
"IK_CFFZDZCDUFSOFZ-UHFFFAOYSA-N",37.7512571307659,FALSE,"up",1,FALSE,TRUE,FALSE,FALSE,FALSE,TRUE,2
"IK_SKHXRNHSZTXSLP-UHFFFAOYSA-N",37.7512571307659,FALSE,"up",1,FALSE,TRUE,FALSE,FALSE,FALSE,TRUE,2
"IK_JPNPIRVRGLGTRE-YSKCIPFOSA-N",37.742768933547,FALSE,"up",1,FALSE,TRUE,FALSE,TRUE,FALSE,TRUE,3
"IK_XUVJDFTVUZWJIR-UHFFFAOYSA-N",37.7300366377188,FALSE,"down",1,FALSE,TRUE,FALSE,FALSE,FALSE,TRUE,2
"IK_JHPNVNIEXXLNTR-UHFFFAOYSA-N",37.7236704898047,FALSE,"up",1,FALSE,TRUE,TRUE,TRUE,FALSE,TRUE,4
"IK_DUVAQXIRJZDZGR-HXMIUARJSA-N",37.7215484405,FALSE,"down",1,FALSE,TRUE,TRUE,FALSE,FALSE,TRUE,3
"IK_KSPIYJQBLVDRRI-UHFFFAOYSA-N",37.7194263911952,FALSE,"up",1,FALSE,TRUE,FALSE,FALSE,FALSE,TRUE,2
"IK_BUQYQSMGNYBXDM-QOCHGBHMSA-N",37.7109381939764,FALSE,"down",1,FALSE,TRUE,FALSE,FALSE,TRUE,TRUE,3
"IK_YTZASGUOZDZYSL-UHFFFAOYSA-N",37.7088161446717,FALSE,"up",1,FALSE,TRUE,FALSE,FALSE,FALSE,TRUE,2
"IK_OTKJDMGTUTTYMP-ZWKOTPCHSA-N",37.7003279474529,FALSE,"down",1,FALSE,TRUE,FALSE,FALSE,TRUE,TRUE,3
"IK_QKAITYIDZJJULL-UHFFFAOYSA-N",37.6982058981482,FALSE,"down",1,FALSE,TRUE,FALSE,FALSE,FALSE,TRUE,2
"IK_OAMCCJASDLMTOO-UHFFFAOYSA-N",37.6930837101713,FALSE,"down",1,FALSE,TRUE,FALSE,FALSE,FALSE,TRUE,2
"IK_GOQGGGANVKPMNH-UHFFFAOYSA-N",37.67076347413,FALSE,"up",1,FALSE,TRUE,FALSE,FALSE,TRUE,TRUE,3
"IK_AUDMGMSPKITTQO-DEKGSFKZSA-N",37.6684972078822,FALSE,"up",1,FALSE,TRUE,TRUE,FALSE,FALSE,TRUE,3
"IK_CAWZRIXWFRFUQB-IOSLPCCCSA-N",37.6663751585775,FALSE,"up",1,FALSE,TRUE,FALSE,FALSE,FALSE,TRUE,2
"IK_QDAOSMKOZCCWLJ-MQLLGTBWSA-N",37.6472767148352,FALSE,"up",1,FALSE,TRUE,FALSE,FALSE,TRUE,TRUE,3
"IK_TYEYBOSBBBHJIV-UHFFFAOYSA-N",37.6366664683116,FALSE,"up",1,FALSE,TRUE,FALSE,FALSE,TRUE,TRUE,3
"NO_INCHIKEY__lpe n fa 34 0 lpe n fa 16 0 18 0",37.6290464583541,FALSE,"up",1,FALSE,FALSE,FALSE,FALSE,FALSE,FALSE,0
"IK_XIVFQYWMMJWUCD-VSTJRZLJSA-N",37.604835728741,FALSE,"down",1,FALSE,TRUE,FALSE,FALSE,TRUE,TRUE,3
"IK_SAAOVBGAFHJPIF-NYNACFBQSA-N",37.5942254822174,FALSE,"up",1,FALSE,TRUE,FALSE,TRUE,FALSE,TRUE,3
"IK_NOOJLZTTWSNHOX-UWVGGRQHSA-N",37.5863347551912,FALSE,"up",1,FALSE,TRUE,FALSE,FALSE,FALSE,TRUE,2
"IK_DDELKTCDPMLGSF-QPSCCSFWSA-N",37.5814931863892,FALSE,"up",1,FALSE,TRUE,FALSE,FALSE,FALSE,TRUE,2
"IK_YLOIOWBAQMCQNL-ROATZPNCSA-N",37.5730049891704,FALSE,"up",1,FALSE,TRUE,TRUE,FALSE,FALSE,TRUE,3
"IK_NLLMJANWPUQQTA-SPUZQDLCSA-N",37.5602726933421,FALSE,"up",1,FALSE,TRUE,FALSE,FALSE,FALSE,TRUE,2
"IK_ZDFLHZVTXWIGQV-UHFFFAOYSA-N",37.5496624468186,FALSE,"up",1,FALSE,TRUE,FALSE,FALSE,FALSE,TRUE,2
"IK_UATOAILWGVYRQS-HHHXNRCGSA-N",37.5305640030762,FALSE,"up",1,FALSE,TRUE,TRUE,FALSE,FALSE,TRUE,3
"IK_KBOVKDIBOBQLRS-ONCCEEIJSA-N",37.5284419537715,FALSE,"down",1,FALSE,TRUE,FALSE,FALSE,FALSE,TRUE,2
"IK_LJHGATIVGCLEDO-DCLYHHALSA-N",37.5199537565526,FALSE,"up",1,FALSE,TRUE,TRUE,FALSE,FALSE,TRUE,3
"IK_VHMKGBYCXDBNFU-CVWCHQOZSA-N",37.5178317072479,FALSE,"down",1,FALSE,TRUE,FALSE,FALSE,FALSE,TRUE,2
"IK_HPYDSVWYXXKHRD-VIFPVBQESA-N",37.5087895483115,FALSE,"down",1,FALSE,TRUE,FALSE,FALSE,FALSE,TRUE,2
"IK_MXNRLFUSFKVQSK-UHFFFAOYSA-N",37.5072214607244,FALSE,"up",1,FALSE,TRUE,FALSE,FALSE,FALSE,TRUE,2
"IK_BMSDHYZLQWTKSQ-LSJAAEOESA-N",37.4675433573331,FALSE,"up",1,FALSE,TRUE,FALSE,FALSE,FALSE,TRUE,2
"IK_FERDPPIQANTDTF-VHDCWOTASA-N",37.4669025239349,FALSE,"up",1,FALSE,TRUE,TRUE,FALSE,FALSE,TRUE,3
"IK_IIODELUADFSHIZ-UHFFFAOYSA-N",37.4647804746302,FALSE,"up",1,FALSE,TRUE,FALSE,FALSE,FALSE,TRUE,2
"IK_XZOSNHNAQRVGSZ-UHFFFAOYSA-N",37.4562922774114,FALSE,"up",1,FALSE,TRUE,FALSE,TRUE,FALSE,TRUE,3
"IK_YRXOQXUDKDCXME-YIVRLKKSSA-N",37.4456820308878,FALSE,"down",1,FALSE,TRUE,FALSE,TRUE,FALSE,TRUE,3
"IK_DPUOLQHDNGRHBS-MDZDMXLPSA-N",37.4435599815831,FALSE,"down",1,FALSE,TRUE,FALSE,FALSE,FALSE,TRUE,2
"IK_VEOYBEJCEMJLHN-OAQYLSRUSA-N",37.4350717843643,FALSE,"up",1,FALSE,TRUE,FALSE,TRUE,FALSE,TRUE,3
"IK_UYQGVDXDXBAABN-FQSPHKRJSA-N",37.4329497350596,FALSE,"down",1,FALSE,TRUE,FALSE,FALSE,FALSE,TRUE,2
"IK_DFPAKSUCGFBDDF-UHFFFAOYSA-N",37.4298551813046,FALSE,"down",1,TRUE,TRUE,TRUE,TRUE,TRUE,TRUE,5
"IK_WMJJBPKYVQALFE-DYYSOKHRSA-N",37.4138512913172,FALSE,"down",1,FALSE,TRUE,TRUE,FALSE,FALSE,TRUE,3
"IK_SEDMBVOYVWZBEK-UHFFFAOYSA-N",37.4117292420125,FALSE,"up",1,FALSE,TRUE,FALSE,FALSE,FALSE,TRUE,2
"IK_LSUXCWJOIAWGOU-FTJOPAKQSA-N",37.4032410447937,FALSE,"up",1,FALSE,TRUE,TRUE,FALSE,FALSE,TRUE,3
"UNKNOWN_ROW__24167579__unknown_153",37.3932161911818,FALSE,"down",1,FALSE,FALSE,FALSE,FALSE,FALSE,FALSE,0
"UNKNOWN_ROW__24167579__unknown_154",37.3932161911818,FALSE,"down",1,FALSE,FALSE,FALSE,FALSE,FALSE,FALSE,0
"UNKNOWN_ROW__24167579__unknown_156",37.3932161911818,FALSE,"down",1,FALSE,FALSE,FALSE,FALSE,FALSE,FALSE,0
"UNKNOWN_ROW__24167579__unknown_157",37.3932161911818,FALSE,"down",1,FALSE,FALSE,FALSE,FALSE,FALSE,FALSE,0
"UNKNOWN_ROW__24167579__unknown_171",37.3932161911818,FALSE,"down",1,FALSE,FALSE,FALSE,FALSE,FALSE,FALSE,0
"UNKNOWN_ROW__24167579__unknown_182",37.3932161911818,FALSE,"down",1,FALSE,FALSE,FALSE,FALSE,FALSE,FALSE,0
"UNKNOWN_ROW__24167579__unknown_85",37.3932161911818,FALSE,"down",1,FALSE,FALSE,FALSE,FALSE,FALSE,FALSE,0
"IK_HHXMOTDTSDYYEI-UHFFFAOYSA-N",37.3905087489654,FALSE,"up",1,FALSE,TRUE,FALSE,FALSE,FALSE,TRUE,2
"IK_GLXUWZBUPATPBR-MLWJPKLSSA-N",37.3820205517466,FALSE,"up",1,FALSE,TRUE,FALSE,TRUE,FALSE,TRUE,3
"IK_PHTAMEFBOLJOPU-VQJSHJPSSA-N",37.371410305223,FALSE,"down",1,FALSE,TRUE,TRUE,FALSE,FALSE,TRUE,3
"IK_DAYKLWSKQJBGCS-NRFANRHFSA-N",37.3586780093948,FALSE,"up",1,FALSE,TRUE,FALSE,FALSE,FALSE,TRUE,2
"IK_HIMXGTXNXJYFGB-UHFFFAOYSA-N",37.350189812176,FALSE,"down",1,FALSE,TRUE,FALSE,FALSE,TRUE,TRUE,3
"IK_CJSQSNMTJVQLJE-NQPCQEITSA-N",37.3395795656524,FALSE,"down",1,FALSE,TRUE,TRUE,FALSE,FALSE,TRUE,3
"IK_HJKVPZJVBHWFCQ-BDXSIMOUSA-N",37.3289693191289,FALSE,"down",1,FALSE,TRUE,FALSE,FALSE,TRUE,TRUE,3
"IK_BLHQFTDZMFXXHV-LLPREHSBSA-N",37.3183590726053,FALSE,"down",1,FALSE,TRUE,TRUE,FALSE,FALSE,TRUE,3
"IK_XEKYYIHOWASTHE-UHFFFAOYSA-N",37.3056267767771,FALSE,"down",1,FALSE,TRUE,FALSE,FALSE,FALSE,TRUE,2
"IK_ULTTYPMRMMDONC-UHFFFAOYSA-N",37.2865283330347,FALSE,"up",1,FALSE,TRUE,FALSE,FALSE,TRUE,TRUE,3
"IK_DPEYXLDDNACOGV-ANVMUZGGSA-N",37.2759180865111,FALSE,"up",1,FALSE,TRUE,TRUE,FALSE,FALSE,TRUE,3
"IK_RSIHSRDYCUFFLA-DYKIIFRCSA-N",37.2653078399876,FALSE,"up",1,FALSE,TRUE,FALSE,FALSE,TRUE,TRUE,3
"IK_UCVNAFBEVWCUSK-SEYXRHQNSA-N",37.2387869136681,FALSE,"up",1,FALSE,TRUE,FALSE,FALSE,FALSE,TRUE,2
"IK_RWCOTTLHDJWHRS-YUMQZZPRSA-N",37.2249141467531,FALSE,"up",2,FALSE,TRUE,FALSE,FALSE,FALSE,TRUE,2
"IK_FVWJYYTZTCVBKE-ROUWMTJPSA-N",37.2122566073699,FALSE,"down",1,FALSE,TRUE,FALSE,FALSE,TRUE,TRUE,3
"IK_SZEOBSAZWJLOGY-VGMNWLOBSA-N",37.2101345580652,FALSE,"up",1,FALSE,TRUE,FALSE,FALSE,FALSE,TRUE,2
"IK_ZONSVLURFASOJK-LLAGZRPASA-N",37.1995243115416,FALSE,"up",1,FALSE,TRUE,FALSE,FALSE,FALSE,TRUE,2
"IK_ZWCCSIUBHCZKOY-UHFFFAOYSA-N",37.1910361143228,FALSE,"up",1,FALSE,TRUE,TRUE,FALSE,FALSE,TRUE,3
"IK_QHKABHOOEWYVLI-UHFFFAOYSA-N",37.1781708953754,FALSE,"up",2,FALSE,TRUE,FALSE,FALSE,TRUE,TRUE,3
"IK_GJWSUKYXUMVMGX-UHFFFAOYSA-N",37.1698156212757,FALSE,"down",1,FALSE,TRUE,FALSE,FALSE,TRUE,TRUE,3
"IK_PVMBAGXWHHZKFP-JMPJWMFJSA-N",37.1560008596764,FALSE,"up",1,FALSE,TRUE,TRUE,FALSE,FALSE,TRUE,3
"IK_OFCNTYBPPAQCRE-UHFFFAOYSA-N",37.1464730789239,FALSE,"down",1,FALSE,TRUE,FALSE,FALSE,FALSE,TRUE,2
"UNKNOWN_ROW__24167579__unknown_172",37.1433265920238,FALSE,"up",1,FALSE,FALSE,FALSE,FALSE,FALSE,FALSE,0
"UNKNOWN_ROW__24167579__unknown_193",37.1433265920238,FALSE,"up",1,FALSE,FALSE,FALSE,FALSE,FALSE,FALSE,0
"IK_BIEOSECQPGGZMF-NAIWXXGBSA-N",37.1273746351816,FALSE,"up",1,FALSE,TRUE,FALSE,TRUE,FALSE,TRUE,3
"IK_YAICYXFUKKMAKO-DBQWNMKUSA-N",37.116764388658,FALSE,"up",1,FALSE,TRUE,FALSE,TRUE,FALSE,TRUE,3
"IK_ZLCUIOWQYBYEBG-UHFFFAOYSA-N",37.0955438956109,FALSE,"down",1,FALSE,TRUE,FALSE,FALSE,TRUE,TRUE,3
"IK_GYNWSIBKBBWJJW-ZQMNIGHUSA-N",37.0934218463062,FALSE,"down",1,FALSE,TRUE,FALSE,FALSE,FALSE,TRUE,2
"IK_NRBFOSKZAWRBJI-KRWDZBQOSA-N",37.0828115997827,FALSE,"up",1,FALSE,TRUE,FALSE,FALSE,FALSE,TRUE,2
"IK_LGHZJDKSVUTELU-UHFFFAOYSA-N",37.0615911067356,FALSE,"down",1,FALSE,TRUE,FALSE,FALSE,FALSE,TRUE,2
"IK_HQUQLFOMPYWACS-UHFFFAOYSA-N",37.0424926629932,FALSE,"up",1,FALSE,TRUE,FALSE,FALSE,TRUE,TRUE,3
"IK_UQVKZNNCIHJZLS-UHFFFAOYSA-N",37.0191501206414,FALSE,"down",1,FALSE,TRUE,FALSE,FALSE,FALSE,TRUE,2
"IK_QSHBSBLCKIPCKO-UHFFFAOYSA-N",37.0085398741179,FALSE,"down",1,FALSE,TRUE,FALSE,FALSE,FALSE,TRUE,2
"IK_FRFIAHPOPAPQGJ-VLOXYBQLSA-N",37.000051676899,FALSE,"up",1,FALSE,TRUE,TRUE,FALSE,FALSE,TRUE,3
"IK_JUHFGHWNBYGKCW-UHFFFAOYSA-N",36.9873193810708,FALSE,"up",1,FALSE,TRUE,FALSE,FALSE,FALSE,TRUE,2
"IK_ASWBNKHCZGQVJV-HSZRJFAPSA-N",36.9771469359815,FALSE,"up",2,FALSE,TRUE,FALSE,FALSE,FALSE,TRUE,2
"IK_CQSLTKIXAJTQGA-FLIBITNWSA-N",36.9554886415002,FALSE,"up",1,FALSE,TRUE,FALSE,FALSE,FALSE,TRUE,2
"IK_AOQMRUTZEYVDIL-UHFFFAOYSA-N",36.9470004442813,FALSE,"up",1,FALSE,TRUE,FALSE,FALSE,TRUE,TRUE,3
"IK_MKOKWBRPIBQYJJ-WZBOJYASSA-N",36.9445167362655,FALSE,"up",1,FALSE,TRUE,TRUE,FALSE,FALSE,TRUE,3
"IK_PHYFQTYBJUILEZ-IUPFWZBJSA-N",36.9350560533949,FALSE,"up",1,FALSE,TRUE,TRUE,FALSE,FALSE,TRUE,3
"IK_PSHXNVGSVNEJBD-LJQANCHMSA-N",36.9342681484531,FALSE,"up",1,FALSE,TRUE,FALSE,FALSE,FALSE,TRUE,2
"IK_DBHKHNGBVGWQJE-USWSLJGRSA-N",36.9257799512342,FALSE,"up",1,FALSE,TRUE,FALSE,TRUE,FALSE,TRUE,3
"IK_YVYMBNSKXOXSKW-HXUWFJFHSA-N",36.9257799512342,FALSE,"up",1,FALSE,TRUE,FALSE,TRUE,FALSE,TRUE,3
"IK_GAQNUGISBQJMKO-UHFFFAOYSA-N",36.9236579019295,FALSE,"down",1,FALSE,TRUE,FALSE,FALSE,FALSE,TRUE,2
"IK_UWHZIFQPPBDJPM-FPLPWBNLSA-N",36.9151697047107,FALSE,"down",1,FALSE,TRUE,FALSE,FALSE,TRUE,TRUE,3
"IK_BIXJFIJYBLJTMK-ZUZCIYMTSA-N",36.913047655406,FALSE,"up",1,FALSE,TRUE,FALSE,FALSE,FALSE,TRUE,2
"UNKNOWN_ROW__24167579__unknown_183",36.8934369928659,FALSE,"down",1,FALSE,FALSE,FALSE,FALSE,FALSE,FALSE,0
"UNKNOWN_ROW__24167579__unknown_82",36.8934369928659,FALSE,"down",1,FALSE,FALSE,FALSE,FALSE,FALSE,FALSE,0
"IK_SAMRUMKYXPVKPA-UHFFFAOYSA-N",36.8918271623589,FALSE,"down",1,FALSE,TRUE,FALSE,FALSE,FALSE,TRUE,2
"IK_RNKSNIBMTUYWSH-YFKPBYRVSA-N",36.8853279604853,FALSE,"down",1,FALSE,TRUE,FALSE,FALSE,FALSE,TRUE,2
"IK_RGZSQWQPBWRIAQ-CABCVRRESA-N",36.8833389651401,FALSE,"up",1,FALSE,TRUE,FALSE,FALSE,TRUE,TRUE,3
"IK_FGMAOXGOTRUOKJ-UHFFFAOYSA-N",36.8812169158354,FALSE,"down",1,FALSE,TRUE,FALSE,FALSE,FALSE,TRUE,2
"IK_WRADPCFZZWXOTI-BMRADRMJSA-N",36.8706066693118,FALSE,"down",1,FALSE,TRUE,FALSE,FALSE,FALSE,TRUE,2
"IK_FIZFZQIBGCHOJY-UHFFFAOYSA-N",36.8493861762647,FALSE,"up",1,FALSE,TRUE,FALSE,FALSE,FALSE,TRUE,2
"IK_DYUGTPXLDJQBRB-UHFFFAOYSA-N",36.8408979790459,FALSE,"up",1,FALSE,TRUE,FALSE,TRUE,FALSE,TRUE,3
"IK_OXVFDZYQLGRLCD-UHFFFAOYSA-N",36.8334708064794,FALSE,"down",1,TRUE,TRUE,FALSE,FALSE,FALSE,TRUE,2
"IK_WWUZIQQURGPMPG-KRWOKUGFSA-N",36.8302877325224,FALSE,"down",1,FALSE,TRUE,FALSE,FALSE,TRUE,TRUE,3
"IK_DIWVBIXQCNRCFE-UHFFFAOYSA-N",36.8281656832176,FALSE,"up",1,FALSE,TRUE,FALSE,FALSE,FALSE,TRUE,2
"IK_NMDWGEGFJUBKLB-YFKPBYRVSA-N",36.8196774859988,FALSE,"down",1,FALSE,TRUE,FALSE,FALSE,TRUE,TRUE,3
"NO_INCHIKEY__5 alpha androstan 3 beta ol 17 one sulfate",36.8165835468078,FALSE,"down",1,FALSE,FALSE,FALSE,FALSE,FALSE,FALSE,0
"IK_AYFVYJQAPQTCCC-UHFFFAOYNA-N",36.8155053212641,FALSE,"up",1,FALSE,TRUE,TRUE,FALSE,TRUE,TRUE,4
"IK_ZHQJVZLJDXWFFX-RPDRRWSUSA-N",36.8069451901706,FALSE,"up",1,FALSE,TRUE,FALSE,FALSE,FALSE,TRUE,2
"IK_JGUNZIWGNMQSBM-UINYOVNOSA-N",36.7878467464282,FALSE,"up",1,FALSE,TRUE,FALSE,FALSE,TRUE,TRUE,3
"IK_XOMRRQXKHMYMOC-OAQYLSRUSA-N",36.7772364999046,FALSE,"down",1,FALSE,TRUE,FALSE,FALSE,TRUE,TRUE,3
"IK_VOBYAKCXGQQFLR-LSJOCFKGSA-N",36.7751144505999,FALSE,"down",1,FALSE,TRUE,FALSE,FALSE,FALSE,TRUE,2
"IK_DZHSPYMHDVROSM-UHFFFAOYSA-N",36.7666262533811,FALSE,"up",1,FALSE,TRUE,FALSE,FALSE,TRUE,TRUE,3
"IK_SNGREZUHAYWORS-UHFFFAOYSA-N",36.7581380561623,FALSE,"down",1,FALSE,TRUE,FALSE,TRUE,TRUE,TRUE,4
"IK_AVFZOVWCLRSYKC-UHFFFAOYSA-N",36.7560160068575,FALSE,"down",1,FALSE,TRUE,FALSE,FALSE,TRUE,TRUE,3
"IK_NPDTUDWGJMBVEP-UHFFFAOYSA-N",36.7432837110293,FALSE,"up",1,FALSE,TRUE,FALSE,FALSE,FALSE,TRUE,2
"IK_SPURMHFLEKVAAS-UHFFFAOYSA-N",36.7427983750491,FALSE,"down",1,FALSE,TRUE,FALSE,TRUE,FALSE,TRUE,3
"IK_ZOJBSSVHFSBHMP-JJJSWPRASA-N",36.7347955138105,FALSE,"up",1,FALSE,TRUE,FALSE,TRUE,FALSE,TRUE,3
"IK_ZXVONLUNISGICL-UHFFFAOYSA-N",36.7347955138105,FALSE,"up",1,FALSE,TRUE,FALSE,FALSE,TRUE,TRUE,3
"IK_SNEIUMQYRCDYCH-LURJTMIESA-N",36.7114529714587,FALSE,"down",1,FALSE,TRUE,FALSE,FALSE,FALSE,TRUE,2
"IK_UEFRDQSMQXDWTO-UHFFFAOYSA-N",36.7087673974733,FALSE,"down",1,FALSE,TRUE,FALSE,TRUE,FALSE,TRUE,3
"IK_GQAJNGUAQKYPCH-XVNBXDOJSA-N",36.7008427249351,FALSE,"up",1,FALSE,TRUE,FALSE,FALSE,FALSE,TRUE,2
"IK_JYGLAHSAISAEAL-UHFFFAOYSA-N",36.6923545277163,FALSE,"up",1,FALSE,TRUE,FALSE,FALSE,TRUE,TRUE,3
"IK_JSNQSLSBBZFGBM-UHFFFAOYSA-N",36.6902324784116,FALSE,"up",1,FALSE,TRUE,FALSE,FALSE,FALSE,TRUE,2
"IK_CCCIJQPRIXGQOE-XWSJACJDSA-N",36.6817442811927,FALSE,"up",1,FALSE,TRUE,FALSE,FALSE,TRUE,TRUE,3
"IK_ZBXWGKPUSLRPHX-QOIVFALESA-N",36.679622231888,FALSE,"down",1,FALSE,TRUE,FALSE,FALSE,FALSE,TRUE,2
"IK_BSFUDCIRZBAPDS-UHFFFAOYSA-N",36.6626458374504,FALSE,"up",1,FALSE,TRUE,FALSE,TRUE,TRUE,TRUE,4
"IK_VYUIKSFYFRVQLF-YLNAYWRASA-N",36.6499135416221,FALSE,"up",1,FALSE,TRUE,FALSE,FALSE,TRUE,TRUE,3
"IK_LAEIZWJAQRGPDA-CIRFHOKZSA-N",36.6477914923174,FALSE,"up",1,FALSE,TRUE,FALSE,FALSE,FALSE,TRUE,2
"IK_GEPIUXLNBAZTAN-IAHWHINTSA-N",36.6393032950986,FALSE,"down",1,FALSE,TRUE,TRUE,FALSE,FALSE,TRUE,3
"IK_QHBZHVUGQROELI-SOFGYWHQSA-N",36.6371812457939,FALSE,"down",1,FALSE,TRUE,FALSE,FALSE,FALSE,TRUE,2
"IK_MVPPADPHJFYWMZ-UHFFFAOYSA-N",36.628693048575,FALSE,"up",1,FALSE,TRUE,FALSE,FALSE,TRUE,TRUE,3
"IK_MZJVEEJEYSKNPH-OSTDEYQUSA-N",36.6147469619224,FALSE,"down",1,FALSE,TRUE,TRUE,FALSE,FALSE,TRUE,3
"IK_SBJCUZQNHOLYMD-UHFFFAOYSA-N",36.6053505062232,FALSE,"up",1,FALSE,TRUE,FALSE,FALSE,FALSE,TRUE,2
"IK_KDPFMRXIVDLQKX-ISGXEFFDSA-N",36.5968623090044,FALSE,"up",1,FALSE,TRUE,FALSE,FALSE,TRUE,TRUE,3
"IK_DYDZWJOECBIVHD-UHFFFAOYSA-N",36.5841300131761,FALSE,"down",1,FALSE,TRUE,FALSE,FALSE,FALSE,TRUE,2
"IK_NLRKCXQQSUWLCH-UHFFFAOYSA-N",36.5756418159573,FALSE,"up",1,FALSE,TRUE,FALSE,FALSE,TRUE,TRUE,3
"IK_QVRLHIRFLRXFIW-MLDHBKOMSA-N",36.5735197666526,FALSE,"up",1,FALSE,TRUE,FALSE,FALSE,FALSE,TRUE,2
"IK_HLVIBBYTXSJPBE-VXKURYGYSA-N",36.5544213229102,FALSE,"down",1,FALSE,TRUE,TRUE,FALSE,FALSE,TRUE,3
"IK_KSPQDMRTZZYQLM-UHFFFAOYSA-N",36.5522992736055,FALSE,"down",1,FALSE,TRUE,FALSE,FALSE,FALSE,TRUE,2
"IK_SFIBBHUOEANMLY-ONWUZIRBSA-N",36.5438110763867,FALSE,"up",1,FALSE,TRUE,TRUE,FALSE,FALSE,TRUE,3
"IK_RXVWSYJTUUKTEA-CGQAXDJHSA-N",36.5389537437255,FALSE,"up",1,FALSE,TRUE,TRUE,TRUE,TRUE,TRUE,5
"IK_LZOSYCMHQXPBFU-UHFFFAOYSA-N",36.5353228791679,FALSE,"down",1,FALSE,TRUE,TRUE,FALSE,TRUE,TRUE,4
"IK_WBSMIPAMAXNXFS-UHFFFAOYSA-N",36.5332008298631,FALSE,"down",1,FALSE,TRUE,FALSE,FALSE,TRUE,TRUE,3
"IK_PXWMAVXORZYSKF-KLMYNGQASA-N",36.5119803368161,FALSE,"up",1,FALSE,TRUE,TRUE,FALSE,FALSE,TRUE,3
"IK_QKSASIXPZVMNOQ-FRDLTTBHSA-N",36.490759843769,FALSE,"down",1,FALSE,TRUE,TRUE,FALSE,FALSE,TRUE,3
"IK_NQRYJNQNLNOLGT-UHFFFAOYSA-N",36.4843936958548,FALSE,"up",1,FALSE,TRUE,TRUE,TRUE,TRUE,TRUE,5
"IK_OMMZVRQHBRAUHL-UHFFFAOYSA-N",36.4780275479407,FALSE,"up",1,FALSE,TRUE,FALSE,FALSE,FALSE,TRUE,2
"IK_PZPIQUZUJADGQZ-NSCUHMNNSA-N",36.4695393507219,FALSE,"up",1,FALSE,TRUE,FALSE,TRUE,FALSE,TRUE,3
"IK_YDCRNMJQROAWFT-RXMQYKEDSA-N",36.4674173014172,FALSE,"up",1,FALSE,TRUE,FALSE,FALSE,FALSE,TRUE,2
"IK_JOUIQRNQJGXQDC-ZYUZMQFOSA-N",36.4606185026739,FALSE,"down",1,FALSE,TRUE,FALSE,FALSE,FALSE,TRUE,2
"IK_MUWFEEOSXPAQIY-LQOXNGKESA-N",36.4589291041983,FALSE,"down",1,FALSE,TRUE,TRUE,FALSE,FALSE,TRUE,3
"IK_YLZRFVZUZIJABA-UHFFFAOYSA-N",36.4568070548936,FALSE,"up",1,FALSE,TRUE,FALSE,FALSE,FALSE,TRUE,2
"IK_BYWJNFQCWYEWHX-KLMFUOAUSA-N",36.4461968083701,FALSE,"up",1,FALSE,TRUE,FALSE,FALSE,FALSE,TRUE,2
"IK_AWNFWGNFOOJDNO-PTNGSMBKSA-N",36.4355865618465,FALSE,"up",1,FALSE,TRUE,FALSE,FALSE,FALSE,TRUE,2
"IK_ORDAZKGHSNRHTD-UXHICEINSA-N",36.4143660687995,FALSE,"up",1,FALSE,TRUE,FALSE,FALSE,FALSE,TRUE,2
"IK_RAPKGPDUGWBPHR-QWFQJEORSA-N",36.4058778715806,FALSE,"down",1,FALSE,TRUE,TRUE,FALSE,FALSE,TRUE,3
"IK_YLEIFZAVNWDOBM-UHFFFAOYSA-N",36.4037558222759,FALSE,"up",1,FALSE,TRUE,FALSE,FALSE,FALSE,TRUE,2
"IK_WVALHIPEZZNFKT-VYPHAONASA-N",36.3952676250571,FALSE,"up",1,FALSE,TRUE,TRUE,FALSE,FALSE,TRUE,3
"IK_RTZACTFZGJNCLF-UHFFFAOYSA-N",36.3931455757524,FALSE,"down",1,FALSE,TRUE,FALSE,FALSE,FALSE,TRUE,2
"IK_WKQNRCYKYCKESD-YVHLTTHBSA-N",36.3846573785335,FALSE,"up",1,FALSE,TRUE,FALSE,TRUE,FALSE,TRUE,3
"IK_WDJHALXBUFZDSR-UHFFFAOYSA-M",36.3733277932626,FALSE,"up",1,FALSE,TRUE,FALSE,FALSE,TRUE,TRUE,3
"IK_MEHHPFQKXOUFFV-XDNAFOTISA-N",36.3719250827053,FALSE,"up",1,FALSE,TRUE,FALSE,FALSE,FALSE,TRUE,2
"IK_ZTTODOAGUDGDQH-HYVCQBOXSA-N",36.3613148361818,FALSE,"up",1,FALSE,TRUE,FALSE,FALSE,FALSE,TRUE,2
"IK_CPXSBHKDEPPWIX-UHFFFAOYSA-N",36.3507045896582,FALSE,"up",1,FALSE,TRUE,FALSE,FALSE,FALSE,TRUE,2
"IK_FWMYJLDHIVCJCT-RRHRGVEJSA-N",36.3464604910488,FALSE,"down",1,FALSE,FALSE,FALSE,FALSE,FALSE,FALSE,0
"IK_YHWNASRGLKJRJJ-KRWDZBQOSA-N",36.3400943431347,FALSE,"down",1,FALSE,TRUE,FALSE,FALSE,FALSE,TRUE,2
"IK_SGFJJNBUMXQSMU-PDBXOOCHSA-N",36.3316061459158,FALSE,"up",1,FALSE,TRUE,FALSE,FALSE,TRUE,TRUE,3
"IK_MTCFGRXMJLQNBG-UHFFFAOYNA-N",36.324196956818,FALSE,"up",1,FALSE,TRUE,TRUE,FALSE,TRUE,TRUE,4
"IK_XHHOHZPNYFQJKL-QWRGUYRKSA-N",36.3188738500876,FALSE,"up",1,FALSE,TRUE,FALSE,FALSE,FALSE,TRUE,2
"IK_SUTUBQHKZRNZRA-UHFFFAOYSA-N",36.3103856528687,FALSE,"down",1,FALSE,TRUE,FALSE,FALSE,TRUE,TRUE,3
"IK_SFUVCMKSYKHYLD-FNORWQNLSA-N",36.2976533570405,FALSE,"down",1,FALSE,TRUE,FALSE,FALSE,FALSE,TRUE,2
"IK_XRIOEAXABJXXOB-CCZSOTCQSA-N",36.2891651598217,FALSE,"up",1,FALSE,TRUE,TRUE,FALSE,FALSE,TRUE,3
"NO_INCHIKEY__cer 42 0 2o cer 18 0 2o 24 0",36.2692120661771,FALSE,"down",1,FALSE,FALSE,FALSE,FALSE,FALSE,FALSE,0
"UNKNOWN_ROW__24167579__unknown_180",36.2687129949711,FALSE,"up",1,FALSE,FALSE,FALSE,FALSE,FALSE,FALSE,0
"IK_PNFUIOJRSUFFPH-VYFLHTJVSA-N",36.257334420251,FALSE,"up",1,FALSE,TRUE,TRUE,FALSE,FALSE,TRUE,3
"IK_RXACEEPNTRHYBQ-UHFFFAOYSA-N",36.2446021244228,FALSE,"up",1,FALSE,TRUE,FALSE,FALSE,FALSE,TRUE,2
"IK_DZGWFCGJZKJUFP-UHFFFAOYSA-N",36.2361139272039,FALSE,"up",1,FALSE,TRUE,FALSE,FALSE,TRUE,TRUE,3
"IK_TUZHANAISKEZFG-GHDNBGIDSA-N",36.2233816313757,FALSE,"down",1,FALSE,TRUE,FALSE,FALSE,FALSE,TRUE,2
"IK_GQMMRLBWXCGBEV-UHFFFAOYSA-N",36.2148934341569,FALSE,"up",1,FALSE,TRUE,FALSE,TRUE,FALSE,TRUE,3
"IK_BXYPVKMROLGXJI-UHFFFAOYSA-N",36.2042831876333,FALSE,"up",1,FALSE,TRUE,FALSE,FALSE,TRUE,TRUE,3
"IK_CLGNQAIRBLDHIN-HWKANZROSA-N",36.1809406452815,FALSE,"up",1,FALSE,TRUE,FALSE,FALSE,FALSE,TRUE,2
"IK_SJWIIOUVFNZHHP-DTSZJMRKSA-N",36.1724524480627,FALSE,"up",1,FALSE,TRUE,TRUE,FALSE,FALSE,TRUE,3
"IK_OQYZCCKCJQWHIE-UHFFFAOYSA-N",36.170330398758,FALSE,"up",1,FALSE,TRUE,FALSE,FALSE,FALSE,TRUE,2
"IK_YPJUNDFVDDCYIH-UHFFFAOYSA-N",36.1639642508439,FALSE,"up",1,FALSE,TRUE,FALSE,TRUE,TRUE,TRUE,4
"UNKNOWN_ROW__24167579__unknown_87",36.1437681953921,FALSE,"down",1,FALSE,FALSE,FALSE,FALSE,FALSE,FALSE,0
"IK_CEJUIQBITPKHHY-OWEZASBCSA-N",36.1406217084921,FALSE,"down",1,FALSE,TRUE,TRUE,FALSE,FALSE,TRUE,3
"IK_FUJLYHJROOYKRA-QGZVFWFLSA-N",36.1172791661403,FALSE,"up",1,FALSE,TRUE,FALSE,FALSE,FALSE,TRUE,2
"IK_ISIJQGZVIFYXMD-QMUWONGRSA-M",36.1087909689214,FALSE,"down",1,FALSE,TRUE,FALSE,FALSE,TRUE,TRUE,3
"IK_LADJWZMBZBVBSB-YEXRKOARSA-N",36.1066689196167,FALSE,"up",1,FALSE,TRUE,FALSE,FALSE,FALSE,TRUE,2
"IK_UKAUYVFTDYCKQA-VKHMYHEASA-N",36.0985440261144,FALSE,"down",1,FALSE,TRUE,FALSE,TRUE,TRUE,TRUE,4
"IK_VGSYCWGXBYZLLE-QEEQPWONSA-N",36.0981807223979,FALSE,"up",1,FALSE,TRUE,FALSE,FALSE,TRUE,TRUE,3
"IK_YUTNOGOMBNYPFH-XUXIUFHCSA-N",36.0960586730932,FALSE,"down",1,FALSE,TRUE,FALSE,FALSE,FALSE,TRUE,2
"IK_BSRRIWAAIBZEBQ-QSTBWJLLSA-N",36.0854484265696,FALSE,"up",1,FALSE,TRUE,FALSE,FALSE,FALSE,TRUE,2
"IK_BWHGMFYTDQEALD-UHFFFAOYSA-N",36.0769602293508,FALSE,"up",1,FALSE,TRUE,FALSE,FALSE,TRUE,TRUE,3
"IK_GDNGOAUIUTXUES-RWDHRDFGSA-N",36.0642279335225,FALSE,"down",1,FALSE,TRUE,FALSE,FALSE,FALSE,TRUE,2
"IK_NTFDCJZOSZKJBK-MINGAGCFSA-N",36.0451294897802,FALSE,"down",1,FALSE,TRUE,TRUE,FALSE,FALSE,TRUE,3
"IK_IPOLTUVFXFHAHI-WHIOSMTNSA-N",36.0430074404755,FALSE,"up",1,FALSE,TRUE,FALSE,FALSE,FALSE,TRUE,2
"IK_PSLSTUMPZILTAH-BYULHYEWSA-N",36.0323971939519,FALSE,"up",1,FALSE,TRUE,FALSE,FALSE,FALSE,TRUE,2
"IK_UDYIPZFWVJJQJF-KQPZCCJBSA-N",36.0239089967331,FALSE,"up",1,FALSE,TRUE,FALSE,FALSE,TRUE,TRUE,3
"IK_VQASKUSHBVDKGU-UHFFFAOYSA-N",35.9942003064672,FALSE,"up",1,FALSE,TRUE,FALSE,TRUE,TRUE,TRUE,4
"IK_HTRUBLMPPVBOHG-UHFFFAOYSA-N",35.9899562078578,FALSE,"up",1,FALSE,TRUE,FALSE,FALSE,FALSE,TRUE,2
"IK_YHMJTZZWEXBHQK-MUDOESHNSA-N",35.9821890953541,FALSE,"up",1,FALSE,TRUE,TRUE,FALSE,FALSE,TRUE,3
"IK_ZLIGRGHTISHYNH-WUXMJOGZSA-N",35.9708577641154,FALSE,"down",1,FALSE,TRUE,FALSE,FALSE,TRUE,TRUE,3
"IK_CMKQOKAXUWQAHG-UHFFFAOYSA-N",35.9475152217636,FALSE,"down",1,FALSE,TRUE,FALSE,FALSE,FALSE,TRUE,2
"IK_HYHZGBOWRWIEGW-UHFFFAOYSA-N",35.93690497524,FALSE,"up",1,FALSE,TRUE,FALSE,FALSE,FALSE,TRUE,2
"IK_LKICWTKOZJNCQH-AATRIKPKSA-N",35.9178065314977,FALSE,"up",1,FALSE,TRUE,FALSE,TRUE,FALSE,TRUE,3
"IK_RAGZUCNPTLULOL-KQJPBSFVSA-N",35.8944639891459,FALSE,"down",1,FALSE,TRUE,FALSE,FALSE,FALSE,TRUE,2
"IK_JAQZKPHHLRTVCY-ZHRKTGFNSA-N",35.885975791927,FALSE,"down",1,FALSE,TRUE,FALSE,FALSE,TRUE,TRUE,3
"IK_BOEPTPMIIFGHTH-YDFGWWAZSA-N",35.8838537426223,FALSE,"up",1,FALSE,TRUE,FALSE,FALSE,FALSE,TRUE,2
"IK_BJPPZTDOLXZUSK-FRVQLJSFSA-N",35.8647552988799,FALSE,"up",1,FALSE,TRUE,FALSE,TRUE,FALSE,TRUE,3
"IK_QNZZHRCSGTYEAW-UHFFFAOYSA-N",35.8520230030517,FALSE,"up",1,FALSE,TRUE,FALSE,FALSE,FALSE,TRUE,2
"IK_YVWPKMWQKWFMBB-UHFFFAOYSA-N",35.8414127565281,FALSE,"down",1,FALSE,TRUE,FALSE,FALSE,FALSE,TRUE,2
"IK_GXQHCJRGIJYVTF-TWHMOVIGSA-N",35.8329245593093,FALSE,"up",1,FALSE,TRUE,TRUE,FALSE,FALSE,TRUE,3
"IK_ARFRZOLTIRQFCI-NGQYDJQZSA-N",35.8201922634811,FALSE,"up",1,FALSE,TRUE,FALSE,FALSE,FALSE,TRUE,2
"IK_FIHAYSQZVJSSFG-JJGVKMCQSA-N",35.8010938197387,FALSE,"down",1,FALSE,TRUE,TRUE,FALSE,FALSE,TRUE,3
"IK_SXFSQZDSUWACKX-UHFFFAOYSA-N",35.7904835732151,FALSE,"up",1,FALSE,TRUE,FALSE,FALSE,TRUE,TRUE,3
"IK_GOBIDZCUVCOUAI-UHFFFAOYSA-N",35.7671410308633,FALSE,"up",1,FALSE,TRUE,FALSE,FALSE,FALSE,TRUE,2
"IK_ISSGPXMQOMAFMJ-DMGKHJLRSA-N",35.7642509449321,FALSE,"up",1,FALSE,TRUE,FALSE,FALSE,FALSE,TRUE,2
"IK_RSRDWHPVTMQUGZ-OZIWPBGVSA-N",35.7501646364257,FALSE,"down",1,FALSE,TRUE,FALSE,TRUE,TRUE,TRUE,4
"IK_DLDJFQGPPSQZKI-UHFFFAOYSA-N",35.748042587121,FALSE,"up",1,FALSE,TRUE,FALSE,FALSE,TRUE,TRUE,3
"IK_QCGTZPZKJPTAEP-REDYYMJGSA-N",35.7353102912927,FALSE,"up",1,FALSE,TRUE,FALSE,FALSE,FALSE,TRUE,2
"IK_FKUYMLZIRPABFK-IQSNHBBHSA-N",35.7268220940739,FALSE,"up",1,FALSE,TRUE,FALSE,FALSE,TRUE,TRUE,3
"IK_CMUNUTVVOOHQPW-LURJTMIESA-N",35.6949913545033,FALSE,"up",1,FALSE,TRUE,FALSE,FALSE,TRUE,TRUE,3
"IK_PYUSHNKNPOHWEZ-YFKPBYRVSA-N",35.6949913545033,FALSE,"down",1,FALSE,TRUE,FALSE,FALSE,TRUE,TRUE,3
"IK_IIRQXNVLAXQEKB-KBEZCZBDSA-N",35.6741335460486,FALSE,"up",1,FALSE,TRUE,FALSE,FALSE,FALSE,TRUE,2
"IK_JRLGPAXAGHMNOL-UHFFFAOYSA-N",35.6737422825208,FALSE,"up",1,FALSE,TRUE,TRUE,FALSE,FALSE,TRUE,3
"IK_JFDNMLUPLXZXGV-RKAGECJXSA-N",35.6631606149326,FALSE,"up",1,FALSE,TRUE,FALSE,FALSE,TRUE,TRUE,3
"IK_XPJVKCRENWUEJH-UHFFFAOYSA-N",35.6504283191044,FALSE,"up",1,FALSE,TRUE,FALSE,FALSE,FALSE,TRUE,2
"IK_RJNRORZRFGUAKL-ADMBVFOFSA-N",35.6419401218855,FALSE,"up",1,FALSE,TRUE,FALSE,TRUE,FALSE,TRUE,3
"IK_CTNFAVGEWRZODU-SESCJMQFSA-N",35.631329875362,FALSE,"down",1,FALSE,TRUE,TRUE,FALSE,FALSE,TRUE,3
"IK_OCALSPDXYQHUHA-FNORWQNLSA-N",35.6292078260573,FALSE,"down",1,FALSE,TRUE,FALSE,FALSE,FALSE,TRUE,2
"IK_AKASWINDKIEEBO-ZJUUUORDSA-N",35.6079873330102,FALSE,"down",1,FALSE,TRUE,FALSE,FALSE,FALSE,TRUE,2
"IK_RDOFJDLLWVCMRU-UHFFFAOYSA-N",35.5888888892678,FALSE,"up",1,FALSE,TRUE,FALSE,FALSE,TRUE,TRUE,3
"IK_OJMNTWPPFNMOCJ-CFOLLTDRSA-M",35.5799659200421,FALSE,NA,1,FALSE,TRUE,FALSE,FALSE,FALSE,TRUE,2
"IK_RYZWCKUTHDRXFD-FTZNQNEXSA-N",35.5730482851338,FALSE,"up",1,FALSE,TRUE,TRUE,FALSE,FALSE,TRUE,3
"IK_XUWLAGNFLUARAN-CHQNGUEUSA-N",35.565546346916,FALSE,"up",1,FALSE,TRUE,FALSE,FALSE,FALSE,TRUE,2
"IK_QELSKZZBTMNZEB-UHFFFAOYSA-N",35.5570581496972,FALSE,"up",1,FALSE,TRUE,FALSE,FALSE,TRUE,TRUE,3
"IK_RJWJHRPNHPHBRN-FKVJWERZSA-N",35.5464479031737,FALSE,"up",1,FALSE,TRUE,FALSE,FALSE,TRUE,TRUE,3
"IK_UOFYCFMTERCNEW-ADEYADIWSA-N",35.5284104840836,FALSE,"down",1,TRUE,TRUE,FALSE,FALSE,FALSE,TRUE,2
"UNKNOWN_ROW__24167579__unknown_178",35.5190441974973,FALSE,"up",1,FALSE,FALSE,FALSE,FALSE,FALSE,FALSE,0
"UNKNOWN_ROW__24167579__unknown_187",35.5190441974973,FALSE,"up",1,FALSE,FALSE,FALSE,FALSE,FALSE,FALSE,0
"UNKNOWN_ROW__24167579__unknown_188",35.5190441974973,FALSE,"up",1,FALSE,FALSE,FALSE,FALSE,FALSE,FALSE,0
"IK_LXZUEFPJZTWGEL-KAMYIIQDSA-N",35.512468390115,FALSE,NA,1,FALSE,TRUE,FALSE,FALSE,FALSE,TRUE,2
"IK_RTZKSTLPRTWFEV-QWHCGFSZSA-N",35.5040069170795,FALSE,"down",1,FALSE,TRUE,FALSE,FALSE,TRUE,TRUE,3
"IK_GUKOKXKMWGOHJJ-NSHDSACASA-N",35.500992421619,FALSE,"up",1,FALSE,TRUE,FALSE,FALSE,FALSE,TRUE,2
"IK_IWHLYPDWHHPVAA-UHFFFAOYSA-N",35.4946291775439,FALSE,"up",2,FALSE,TRUE,FALSE,FALSE,TRUE,TRUE,3
"IK_YHHSONZFOIEMCP-UHFFFAOYSA-N",35.4849084733371,FALSE,"up",1,FALSE,TRUE,FALSE,TRUE,TRUE,TRUE,4
"IK_OSCCDBFHNMXNME-UHFFFAOYSA-N",35.4721761775088,FALSE,"up",1,FALSE,TRUE,FALSE,TRUE,FALSE,TRUE,3
"IK_COHZAFUKYUCIND-SHDWVJIKSA-N",35.4594438816806,FALSE,"down",1,FALSE,TRUE,FALSE,FALSE,FALSE,TRUE,2
"IK_YGNHGXTZNFXTBH-GQCTYLIASA-N",35.4594438816806,FALSE,"up",1,FALSE,TRUE,FALSE,FALSE,FALSE,TRUE,2
"IK_OZLOIIJWJZXAQV-YUDAYSKTSA-N",35.4509556844618,FALSE,"up",1,FALSE,TRUE,TRUE,FALSE,FALSE,TRUE,3
"IK_LVRFTAZAXQPQHI-UHFFFAOYSA-N",35.4488336351571,FALSE,"up",1,FALSE,TRUE,FALSE,FALSE,FALSE,TRUE,2
"IK_WEWBWVMTOYUPHH-QHAQEBJBSA-N",35.4403454379382,FALSE,"down",1,FALSE,TRUE,FALSE,FALSE,TRUE,TRUE,3
"IK_SHZGCJCMOBCMKK-DHVFOXMCSA-N",35.4350500746365,FALSE,"up",1,FALSE,TRUE,FALSE,TRUE,TRUE,TRUE,4
"IK_HZCLJRFPXMKWHR-FEBLJDHQSA-N",35.4191249448911,FALSE,"down",1,FALSE,TRUE,TRUE,FALSE,FALSE,TRUE,3
"NO_INCHIKEY__pc 31 1 pc 16 0 15 1",35.4177352588479,FALSE,NA,1,FALSE,FALSE,FALSE,FALSE,FALSE,FALSE,0
"IK_CZIIGGQJILPHEU-HCHVXQBBSA-N",35.4170028955864,FALSE,"up",1,FALSE,TRUE,FALSE,FALSE,FALSE,TRUE,2
"IK_MAHPNPYYQAIOJN-UHFFFAOYSA-N",35.4050102370092,FALSE,NA,1,FALSE,TRUE,FALSE,FALSE,FALSE,TRUE,2
"IK_DKEXFJVMVGETOO-LURJTMIESA-N",35.3979044518441,FALSE,"up",1,FALSE,TRUE,FALSE,FALSE,TRUE,TRUE,3
"IK_JXBLMIJDQFTVIE-UHFFFAOYSA-N",35.3957824025393,FALSE,"up",1,FALSE,TRUE,FALSE,FALSE,FALSE,TRUE,2
"IK_MWBWWFOAEOYUST-UHFFFAOYSA-N",35.3872942053205,FALSE,"up",1,FALSE,TRUE,FALSE,FALSE,TRUE,TRUE,3
"IK_JEKMKNDURXDJAD-HWUKTEKMSA-N",35.3745619094923,FALSE,"up",1,FALSE,TRUE,FALSE,FALSE,FALSE,TRUE,2
"IK_BXLYSRPHVMCOPS-ACZMJKKPSA-N",35.3533414164452,FALSE,"down",1,FALSE,TRUE,FALSE,FALSE,FALSE,TRUE,2
"NO_INCHIKEY__sm d38 1 1",35.3384025870368,FALSE,NA,1,FALSE,FALSE,FALSE,FALSE,FALSE,FALSE,0
"NO_INCHIKEY__pc 18 0 22 4",35.3361786282042,FALSE,NA,1,FALSE,FALSE,FALSE,FALSE,FALSE,FALSE,0
"IK_MRPDHXXPDCVBPQ-AATRIKPKSA-N",35.3321209233981,FALSE,"up",1,FALSE,TRUE,FALSE,FALSE,FALSE,TRUE,2
"IK_RINCXYDBBGOEEQ-UHFFFAOYSA-N",35.325754775484,FALSE,"down",1,FALSE,TRUE,FALSE,TRUE,TRUE,TRUE,4
"IK_NZUIUYWHFPQZBH-HXCATZOESA-N",35.3215106768745,FALSE,"up",1,FALSE,TRUE,FALSE,FALSE,FALSE,TRUE,2
"IK_LEVWYRKDKASIDU-IMJSIDKUSA-N",35.3190458616769,FALSE,NA,1,FALSE,TRUE,TRUE,TRUE,TRUE,TRUE,5
"NO_INCHIKEY__pe 40 5",35.3185352515848,FALSE,NA,1,FALSE,FALSE,FALSE,FALSE,FALSE,FALSE,0
"NO_INCHIKEY__lpc p 18 0 or lpc o 18 1",35.3017567105511,FALSE,NA,1,FALSE,FALSE,FALSE,FALSE,FALSE,FALSE,0
"IK_YNNMOGWGBFSMGB-UHFFFAOYSA-N",35.3002901838275,FALSE,"up",1,FALSE,TRUE,FALSE,FALSE,FALSE,TRUE,2
"IK_DFNZHOWEYYDHLO-XMMPIXPASA-N",35.2918019866086,FALSE,"up",1,FALSE,TRUE,TRUE,FALSE,FALSE,TRUE,3
"IK_ISAVYTVYFVQUDY-UHFFFAOYSA-N",35.2918019866086,FALSE,"up",1,FALSE,TRUE,FALSE,FALSE,TRUE,TRUE,3
"IK_FKWQEFWENKGUGF-VFUOTHLCSA-N",35.2896799373039,FALSE,"up",1,FALSE,TRUE,FALSE,FALSE,FALSE,TRUE,2
"IK_KPGXRSRHYNQIFN-UHFFFAOYSA-N",35.2833137893898,FALSE,"up",1,FALSE,TRUE,FALSE,TRUE,TRUE,TRUE,4
"IK_VLIUMVVQGMLOJG-SEBNEYGDSA-N",35.2811917400851,FALSE,"down",1,FALSE,TRUE,FALSE,FALSE,TRUE,TRUE,3
"NO_INCHIKEY__pc 38 4 isomer b",35.2784075691094,FALSE,NA,1,FALSE,FALSE,FALSE,FALSE,FALSE,FALSE,0
"IK_YMAHRLYIAABQRQ-UHFFFAOYSA-N",35.2705814935615,FALSE,"down",1,FALSE,TRUE,TRUE,FALSE,FALSE,TRUE,3
"UNKNOWN_ROW__24167579__unknown_177",35.2691545983394,FALSE,"up",1,FALSE,FALSE,FALSE,FALSE,FALSE,FALSE,0
"UNKNOWN_ROW__24167579__unknown_184",35.2691545983394,FALSE,"up",1,FALSE,FALSE,FALSE,FALSE,FALSE,FALSE,0
"IK_SHLWEZVZPAYIHX-UHFFFAOYSA-N",35.2684594442568,FALSE,"up",1,FALSE,TRUE,FALSE,FALSE,FALSE,TRUE,2
"NO_INCHIKEY__galcer 18 1 24 1",35.2626869305121,FALSE,NA,1,FALSE,FALSE,FALSE,FALSE,FALSE,FALSE,0
"IK_LKNPFOZIOWXDQS-UHFFFAOYSA-N",35.2546391882576,FALSE,NA,1,FALSE,TRUE,FALSE,FALSE,FALSE,TRUE,2
"IK_OKRAIIIRDYCGGZ-POHAHGRESA-N",35.2540453000122,FALSE,NA,1,FALSE,TRUE,FALSE,FALSE,FALSE,TRUE,2
"IK_ULSIYEODSMZIPX-UHFFFAOYSA-N",35.2496002715562,FALSE,"down",1,FALSE,TRUE,FALSE,FALSE,TRUE,TRUE,3
"NO_INCHIKEY__pe 38 4 isomer b",35.2456549507911,FALSE,NA,1,FALSE,FALSE,FALSE,FALSE,FALSE,FALSE,0
"NO_INCHIKEY__pc p 42 5 or pc o 42 6 isomer b",35.2423439769665,FALSE,NA,1,FALSE,FALSE,FALSE,FALSE,FALSE,FALSE,0
"IK_YHGXYYIGHBPDMX-BUTFDPNWSA-N",35.2387507539909,FALSE,"up",1,FALSE,TRUE,FALSE,TRUE,FALSE,TRUE,3
"IK_VSOJKDUWYQCWFM-UHFFFAOYSA-N",35.2366287046862,FALSE,"up",1,FALSE,TRUE,FALSE,FALSE,FALSE,TRUE,2
"NO_INCHIKEY__tg 54 5 isomer b",35.2364156587767,FALSE,NA,1,FALSE,FALSE,FALSE,FALSE,FALSE,FALSE,0
"NO_INCHIKEY__pc 40 7 isomer a",35.2307802921236,FALSE,NA,1,FALSE,FALSE,FALSE,FALSE,FALSE,FALSE,0
"IK_HVPFXCBJHIIJGS-LURJTMIESA-N",35.2267119279147,FALSE,NA,1,FALSE,TRUE,FALSE,FALSE,FALSE,TRUE,2
"IK_AHJCDQGRYVBQQZ-NSCUHMNNSA-N",35.2260184581627,FALSE,"up",1,FALSE,TRUE,FALSE,FALSE,FALSE,TRUE,2
"NO_INCHIKEY__pc 36 1e",35.2258128373311,FALSE,NA,1,FALSE,FALSE,FALSE,FALSE,FALSE,FALSE,0
"IK_WRUFJWLVOQYPJF-UHFFFAOYSA-N",35.2253507036477,FALSE,NA,1,FALSE,TRUE,FALSE,FALSE,FALSE,TRUE,2
"IK_OYIFNHCXNCRBQI-UHFFFAOYSA-N",35.2239982265481,FALSE,NA,2,FALSE,TRUE,FALSE,TRUE,TRUE,TRUE,4
"IK_LXWZWRRIEITWMN-ZUTFDUMMSA-N",35.2175302609438,FALSE,"down",1,FALSE,TRUE,FALSE,FALSE,TRUE,TRUE,3
"IK_ZCXGMSGCBDSEOY-UHFFFAOYSA-N",35.2154082116391,FALSE,"up",1,FALSE,TRUE,FALSE,FALSE,FALSE,TRUE,2
"NO_INCHIKEY__sm 24 1",35.212536981408,FALSE,NA,1,FALSE,FALSE,FALSE,FALSE,FALSE,FALSE,0
"NO_INCHIKEY__fahfa 18 2 18 1",35.2110005654849,FALSE,NA,1,FALSE,FALSE,FALSE,FALSE,FALSE,FALSE,0
"NO_INCHIKEY__pc 40 5 isomer b",35.2108636407229,FALSE,NA,1,FALSE,FALSE,FALSE,FALSE,FALSE,FALSE,0
"NO_INCHIKEY__pc o 42 7 or pc 42 7e",35.2089921725905,FALSE,NA,1,FALSE,FALSE,FALSE,FALSE,FALSE,FALSE,0
"IK_PABVKUJVLNMOJP-UHFFFAOYSA-M",35.2017094643384,FALSE,NA,1,FALSE,TRUE,FALSE,FALSE,FALSE,TRUE,2
"NO_INCHIKEY__pe 38 4 isomer a",35.2004992928059,FALSE,NA,1,FALSE,FALSE,FALSE,FALSE,FALSE,FALSE,0
"NO_INCHIKEY__pc 16 0 20 5",35.1999687243951,FALSE,NA,1,FALSE,FALSE,FALSE,FALSE,FALSE,FALSE,0
"NO_INCHIKEY__pc 36 5 isomer d",35.1970170727214,FALSE,NA,1,FALSE,FALSE,FALSE,FALSE,FALSE,FALSE,0
"NO_INCHIKEY__pc 38 6 pc 18 2 20 4",35.1964314715596,FALSE,NA,1,FALSE,FALSE,FALSE,FALSE,FALSE,FALSE,0
"IK_MSRVZJWXQUEINS-WAAHFECUSA-N",35.194187718592,FALSE,"down",1,FALSE,TRUE,FALSE,FALSE,FALSE,TRUE,2
"IK_GIISRQIHTLIGDA-UHFFFAOYSA-N",35.1941332814911,FALSE,NA,1,FALSE,TRUE,FALSE,FALSE,FALSE,TRUE,2
"NO_INCHIKEY__fahfa 38 6",35.1938929153705,FALSE,NA,1,FALSE,FALSE,FALSE,FALSE,FALSE,FALSE,0
"IK_KPMVHELZNRNSMN-UHFFFAOYSA-N",35.1919511740219,FALSE,NA,1,FALSE,TRUE,FALSE,FALSE,FALSE,TRUE,2
"IK_FCHYNXGUKIEWGL-BPVVGZHASA-N",35.1915502085293,FALSE,NA,1,FALSE,TRUE,FALSE,FALSE,FALSE,TRUE,2
"IK_ORHVVTAURCZTDT-QZQOTICOSA-N",35.1817312228264,FALSE,NA,1,FALSE,TRUE,FALSE,FALSE,FALSE,TRUE,2
"IK_YMJBYRVFGYXULK-VFUOTHLCSA-N",35.1761843168485,FALSE,NA,1,FALSE,TRUE,FALSE,FALSE,FALSE,TRUE,2
"IK_ZFACUKICYTXONE-IWDZABBFSA-N",35.1750892748496,FALSE,"down",1,FALSE,TRUE,TRUE,FALSE,FALSE,TRUE,3
"IK_USHRADXTTYICIJ-UHFFFAOYSA-N",35.1732171873498,FALSE,NA,1,FALSE,TRUE,FALSE,FALSE,FALSE,TRUE,2
"IK_IDFPDDYONWABIH-CXCWZUHBSA-N",35.1636751974435,FALSE,NA,1,FALSE,TRUE,FALSE,FALSE,FALSE,TRUE,2
"IK_SWGJCIMEBVHMTA-UHFFFAOYSA-K",35.1554719715945,FALSE,NA,1,FALSE,TRUE,FALSE,FALSE,FALSE,TRUE,2
"IK_LCHFAYIGHOVWSA-LEDUIRAGSA-N",35.1549126465364,FALSE,NA,1,FALSE,TRUE,FALSE,FALSE,FALSE,TRUE,2
"IK_PUYXTUJWRLOUCW-UHFFFAOYSA-N",35.143258535279,FALSE,"up",1,FALSE,TRUE,FALSE,FALSE,TRUE,TRUE,3
"IK_GRSMWKLPSNHDHA-UHFFFAOYSA-N",35.1424086787386,FALSE,NA,1,FALSE,TRUE,FALSE,FALSE,FALSE,TRUE,2
"IK_VBCLPDSIELLWDI-UHFFFAOYSA-N",35.1411364859743,FALSE,"up",1,FALSE,TRUE,FALSE,FALSE,FALSE,TRUE,2
"IK_ZXNAIPHYBVMMPY-DHSLYTQISA-N",35.1220380422319,FALSE,"down",1,FALSE,TRUE,TRUE,FALSE,FALSE,TRUE,3
"IK_CFSOJZTUTOQNIA-UHFFFAOYSA-N",35.1114277957084,FALSE,"up",1,FALSE,TRUE,FALSE,FALSE,TRUE,TRUE,3
"IK_OLAOWMDKXPIITQ-UHFFFAOYSA-N",35.1093057464037,FALSE,"down",1,FALSE,TRUE,FALSE,FALSE,FALSE,TRUE,2
"IK_HPFXACZRFJDURI-KTKRTIGZSA-N",35.0986954998801,FALSE,"up",1,FALSE,TRUE,FALSE,FALSE,FALSE,TRUE,2
"IK_WZYRMLAWNVOIEX-BGPJRJDNSA-N",35.0954297215952,FALSE,NA,1,FALSE,TRUE,FALSE,FALSE,FALSE,TRUE,2
"IK_CNAKQRUFJWYXIC-PPOCGGKUSA-N",35.0902073026613,FALSE,"up",1,FALSE,TRUE,FALSE,TRUE,FALSE,TRUE,3
"IK_JKHXYJKMNSSFFL-IUCAKERBSA-N",35.0835814791443,FALSE,NA,1,FALSE,TRUE,FALSE,FALSE,FALSE,TRUE,2
"IK_HXXFSFRBOHSIMQ-VFUOTHLCSA-N",35.0781895775987,FALSE,NA,1,FALSE,TRUE,FALSE,FALSE,FALSE,TRUE,2
"IK_BZWQQOVSUSJJJO-QAGDRQIHSA-N",35.077475006833,FALSE,"down",1,FALSE,TRUE,FALSE,FALSE,FALSE,TRUE,2
"IK_CIDUJQMULVCIBT-MQDUPKMGSA-N",35.0689868096142,FALSE,"up",1,FALSE,TRUE,FALSE,FALSE,TRUE,TRUE,3
"IK_UWBDLNOCIDGPQE-UHFFFAOYSA-N",35.0680580038399,FALSE,NA,1,FALSE,TRUE,FALSE,FALSE,FALSE,TRUE,2
"IK_SGMJBNSHAZVGMC-PWNYCUMCSA-N",35.0679412655106,FALSE,NA,1,FALSE,TRUE,FALSE,FALSE,FALSE,TRUE,2
"IK_RDHQFKQIGNGIED-MRVPVSSYSA-N",35.0604986123954,FALSE,"up",1,FALSE,TRUE,FALSE,TRUE,TRUE,TRUE,4
"IK_JDWYRSDDJVCWPB-LURJTMIESA-N",35.0583765630907,FALSE,"up",1,FALSE,TRUE,FALSE,FALSE,TRUE,TRUE,3
"IK_SSJMZMUVNKEENT-IMJSIDKUSA-N",35.057020288747,FALSE,NA,1,FALSE,TRUE,FALSE,FALSE,FALSE,TRUE,2
"IK_GFCQEPZCMASXHO-SGIBUEGPSA-N",35.0477663165671,FALSE,"up",1,FALSE,TRUE,TRUE,FALSE,FALSE,TRUE,3
"IK_JUSMHIGDXPKSID-PHYPRBDBSA-N",35.0456442672624,FALSE,"up",1,FALSE,TRUE,FALSE,FALSE,FALSE,TRUE,2
"IK_CPTJXGLQLVPIGP-UHFFFAOYSA-N",35.0392781193483,FALSE,"down",1,FALSE,TRUE,FALSE,TRUE,TRUE,TRUE,4
"IK_JITASQOSGITBPR-FMCGBTBPSA-N",35.0350340207389,FALSE,"down",1,FALSE,TRUE,FALSE,FALSE,FALSE,TRUE,2
"UNKNOWN_ROW__24167579__unknown_158",35.0192649991815,FALSE,"up",1,FALSE,FALSE,FALSE,FALSE,FALSE,FALSE,0
"UNKNOWN_ROW__24167579__unknown_174",35.0192649991815,FALSE,"up",1,FALSE,FALSE,FALSE,FALSE,FALSE,FALSE,0
"IK_FDWRIIDFYSUTDP-WGDKFINWSA-N",35.0159355769965,FALSE,"down",1,FALSE,TRUE,FALSE,FALSE,TRUE,TRUE,3
"IK_MUZOGCSYWJPGRB-UHFFFAOYSA-N",35.005325330473,FALSE,"down",1,FALSE,TRUE,FALSE,TRUE,FALSE,TRUE,3
"IK_NGTXCORNXNELNU-BOIFFFMUSA-N",34.967645185201,FALSE,"up",1,FALSE,TRUE,FALSE,TRUE,FALSE,TRUE,3
"IK_AVGPOAXYRRIZMM-BYPYZUCNSA-N",34.9310536048082,FALSE,"down",1,FALSE,TRUE,FALSE,FALSE,TRUE,TRUE,3
"IK_FFXKPSNQCPNORO-MBYQGORISA-N",34.9289315555034,FALSE,"down",1,FALSE,TRUE,FALSE,FALSE,FALSE,TRUE,2
"IK_UNXHWFMMPAWVPI-ZXZARUISSA-N",34.9236181617085,FALSE,"up",1,FALSE,TRUE,FALSE,TRUE,TRUE,TRUE,4
"IK_BPZXYEUJBFHASJ-UUOKFMHZSA-N",34.9204433582846,FALSE,"up",1,FALSE,TRUE,FALSE,FALSE,TRUE,TRUE,3
"IK_GLYPHOJMMLQNJQ-GYPHWSFCSA-N",34.9183213089799,FALSE,"up",1,FALSE,TRUE,FALSE,FALSE,FALSE,TRUE,2
"IK_LGVYUZVANMHKHV-UHFFFAOYSA-N",34.9077110624564,FALSE,"up",1,FALSE,TRUE,FALSE,FALSE,FALSE,TRUE,2
"IK_KLSLBUSXWBJMEC-UHFFFAOYSA-N",34.888612618714,FALSE,"up",1,FALSE,TRUE,FALSE,FALSE,TRUE,TRUE,3
"IK_KJPVZTMEFPUZPC-UYQAEJRRSA-N",34.8780023721904,FALSE,"up",1,FALSE,TRUE,TRUE,FALSE,FALSE,TRUE,3
"IK_QNJHODONDIDAEE-UHFFFAOYSA-N",34.8662751106491,FALSE,"up",1,FALSE,TRUE,TRUE,TRUE,FALSE,TRUE,4
"IK_JKEJEOJPJVRHMQ-JTQLQIEISA-N",34.8567818791434,FALSE,"up",1,FALSE,TRUE,FALSE,FALSE,TRUE,TRUE,3
"IK_SSQHYGLFYWZWDV-UVBJJODRSA-N",34.8546598298387,FALSE,"up",1,FALSE,TRUE,FALSE,FALSE,FALSE,TRUE,2
"IK_MQGBAQLIFKSMEM-MAZCIEHSSA-N",34.8518604288545,FALSE,"up",1,FALSE,TRUE,FALSE,FALSE,FALSE,TRUE,2
"IK_AERBNCYCJBRYDG-KSZLIROESA-N",34.8482936819245,FALSE,"down",1,FALSE,TRUE,FALSE,TRUE,TRUE,TRUE,4
"IK_URGVIWXYPWWBQO-UWEYSURVSA-N",34.8461716326198,FALSE,"down",1,FALSE,TRUE,TRUE,FALSE,FALSE,TRUE,3
"IK_XXFACTAYGKKOQB-ZETCQYMHSA-N",34.8037306465257,FALSE,"up",1,FALSE,TRUE,FALSE,FALSE,TRUE,TRUE,3
"IK_DSLZVSRJTYRBFB-DUHBMQHGSA-N",34.7931204000021,FALSE,"down",1,FALSE,TRUE,FALSE,FALSE,TRUE,TRUE,3
"IK_WOAHJDHKFWSLKE-UHFFFAOYSA-N",34.7825101534786,FALSE,"down",1,FALSE,TRUE,FALSE,FALSE,TRUE,TRUE,3
"IK_AQZMUAMGLNHYRT-SESCJMQFSA-N",34.7803881041738,FALSE,"down",1,FALSE,TRUE,FALSE,FALSE,FALSE,TRUE,2
"IK_PYVRVRFVLRNJLY-MZMPXXGTSA-N",34.7612896604315,FALSE,"up",1,FALSE,TRUE,FALSE,TRUE,FALSE,TRUE,3
"IK_OMYMRCXOJJZYKE-UHFFFAOYSA-N",34.7506794139079,FALSE,"up",1,FALSE,TRUE,FALSE,FALSE,TRUE,TRUE,3
"IK_VPAMUPUPKCTFGJ-PGUFJCEWSA-N",34.7450206851332,FALSE,"up",1,FALSE,TRUE,FALSE,FALSE,FALSE,TRUE,2
"IK_WPOCIZJTELRQMF-LFRCEIEQSA-N",34.7167266250326,FALSE,"up",1,FALSE,TRUE,FALSE,FALSE,FALSE,TRUE,2
"IK_XJSFLOJWULLJQS-NGVXBBESSA-N",34.6976281812902,FALSE,"down",1,FALSE,TRUE,FALSE,FALSE,TRUE,TRUE,3
"IK_YEFJYYIIBNWRQV-UHFFFAOYSA-N",34.6870179347667,FALSE,"down",1,FALSE,TRUE,FALSE,TRUE,FALSE,TRUE,3
"IK_XECPAIJNBXCOBO-MMPJQOAZSA-N",34.684895885462,FALSE,"up",1,FALSE,TRUE,FALSE,FALSE,FALSE,TRUE,2
"IK_XEVQXKKKAVVSMW-WRWORJQWSA-N",34.6657974417196,FALSE,"down",1,FALSE,TRUE,FALSE,TRUE,FALSE,TRUE,3
"IK_MTCFGRXMJLQNBG-UWTATZPHSA-N",34.6594724986463,FALSE,"down",1,FALSE,TRUE,TRUE,FALSE,TRUE,TRUE,4
"IK_BLZVZPYMHLXLHG-JOBMVARSSA-N",34.655342601274,FALSE,"up",2,FALSE,TRUE,FALSE,FALSE,FALSE,TRUE,2
"IK_ZFMSMUAANRJZFM-UHFFFAOYSA-N",34.655187195196,FALSE,"up",1,FALSE,TRUE,FALSE,FALSE,TRUE,TRUE,3
"IK_UQWJOPVYLXZYCS-UHFFFAOYSA-N",34.6530651458913,FALSE,"up",1,FALSE,TRUE,FALSE,FALSE,FALSE,TRUE,2
"IK_DZUXGQBLFALXCR-CDIPTNKSSA-N",34.6445769486725,FALSE,"up",1,FALSE,TRUE,FALSE,FALSE,TRUE,TRUE,3
"UNKNOWN_ROW__24167579__unknown_173",34.6444306004446,FALSE,"up",1,FALSE,FALSE,FALSE,FALSE,FALSE,FALSE,0
"UNKNOWN_ROW__24167579__unknown_179",34.6444306004446,FALSE,"up",1,FALSE,FALSE,FALSE,FALSE,FALSE,FALSE,0
"IK_FJKKCRCBBAXLQZ-UHFFFAOYSA-N",34.633966702149,FALSE,"up",1,FALSE,TRUE,TRUE,FALSE,FALSE,TRUE,3
"IK_SXGAGTVDWKQYCX-BQBZGAKWSA-N",34.6106241597972,FALSE,"down",1,FALSE,TRUE,FALSE,FALSE,FALSE,TRUE,2
"IK_FQVFGIZCMMQDNV-NQQLFREJSA-N",34.6021359625783,FALSE,"down",1,FALSE,TRUE,TRUE,FALSE,FALSE,TRUE,3
"IK_NXJAXUYOQLTISD-SECBINFHSA-N",34.6021359625783,FALSE,"up",1,FALSE,TRUE,FALSE,TRUE,FALSE,TRUE,3
"IK_IOJNOBYNWXBNBY-ZFORQUDYSA-N",34.6000139132736,FALSE,"up",1,FALSE,TRUE,FALSE,FALSE,FALSE,TRUE,2
"IK_DCZDUZNVOVFUCD-HTXNQAPBSA-M",34.5915257160548,FALSE,"up",1,FALSE,TRUE,FALSE,FALSE,TRUE,TRUE,3
"IK_IMMPMHKLUUZKAZ-UHFFFAOYSA-N",34.5894036667501,FALSE,"up",1,FALSE,TRUE,FALSE,FALSE,FALSE,TRUE,2
"IK_SJZRECIVHVDYJC-UHFFFAOYSA-N",34.5809154695312,FALSE,"up",1,FALSE,TRUE,FALSE,FALSE,TRUE,TRUE,3
"IK_XBGLCVZQMWKHFC-NMQALWILSA-N",34.5787934202265,FALSE,"up",1,FALSE,TRUE,FALSE,FALSE,FALSE,TRUE,2
"IK_JJPSZKIOGBRMHK-UHFFFAOYSA-N",34.5703052230077,FALSE,"up",1,FALSE,TRUE,FALSE,FALSE,TRUE,TRUE,3
"IK_ZQRJDNRTBNYEER-NWBJSICCSA-N",34.5657980191571,FALSE,"down",1,FALSE,TRUE,TRUE,FALSE,FALSE,TRUE,3
"IK_VDQLKIBLTMPAHI-UHFFFAOYSA-N",34.5257421876088,FALSE,"up",1,FALSE,TRUE,FALSE,FALSE,FALSE,TRUE,2
"UNKNOWN_ROW__24167579__unknown_88",34.5194858008656,FALSE,"down",1,FALSE,FALSE,FALSE,FALSE,FALSE,FALSE,0
"IK_TZCPCKNHXULUIY-RGULYWFUSA-N",34.5066437438664,FALSE,"up",1,FALSE,TRUE,TRUE,FALSE,FALSE,TRUE,3
"IK_DTQVDTLACAAQTR-UHFFFAOYSA-N",34.4854232508194,FALSE,"up",1,FALSE,TRUE,FALSE,FALSE,TRUE,TRUE,3
"IK_QAJRFFUHENEZQE-RTJPTYSYSA-N",34.4796854592782,FALSE,"down",1,FALSE,TRUE,TRUE,FALSE,FALSE,TRUE,3
"IK_FTBLAVKNEFKBKK-CUGCVFGBSA-N",34.4537601316161,FALSE,"down",1,FALSE,TRUE,TRUE,FALSE,FALSE,TRUE,3
"IK_WQZRAWSNEARGPQ-UHFFFAOYSA-N",34.451470461944,FALSE,"up",1,FALSE,TRUE,FALSE,FALSE,FALSE,TRUE,2
"IK_LEVWYRKDKASIDU-UHFFFAOYNA-N",34.4449418861442,FALSE,"up",2,FALSE,TRUE,TRUE,FALSE,TRUE,TRUE,4
"IK_LZLVZIFMYXDKCN-QJWFYWCHSA-N",34.4429822647252,FALSE,"down",1,FALSE,TRUE,TRUE,FALSE,FALSE,TRUE,3
"NO_INCHIKEY__pc 18 2 20 4",34.438381697292,FALSE,"up",1,FALSE,FALSE,FALSE,FALSE,FALSE,FALSE,0
"IK_LBZZFYDZWFULSD-UHFFFAOYSA-N",34.4220276572703,FALSE,"down",1,FALSE,TRUE,FALSE,FALSE,FALSE,TRUE,2
"IK_OYDCCWNLILCHDJ-ZZXKWVIFSA-N",34.4090294758498,FALSE,"up",1,FALSE,TRUE,FALSE,FALSE,FALSE,TRUE,2
"IK_LVHBHZANLOWSRM-UHFFFAOYSA-N",34.4080943354783,FALSE,"down",1,FALSE,TRUE,FALSE,FALSE,TRUE,TRUE,3
"IK_GIVDFJVWLQFBFP-WMPRHZDHSA-N",34.4036228180351,FALSE,"down",1,FALSE,TRUE,FALSE,FALSE,FALSE,TRUE,2
"IK_DBHPURNMQZJCPT-HRLVBISOSA-N",34.400541278631,FALSE,"down",1,FALSE,TRUE,TRUE,FALSE,FALSE,TRUE,3
"IK_NQDAYVPCMIYPCA-UHFFFAOYSA-N",34.3984192293263,FALSE,"down",1,FALSE,TRUE,FALSE,FALSE,FALSE,TRUE,2
"IK_CAHPJJJZLQXPKS-UHFFFAOYSA-N",34.3581002925368,FALSE,"down",1,FALSE,TRUE,FALSE,FALSE,TRUE,TRUE,3
"IK_YUPCLHHTUNDMAN-UHFFFAOYSA-N",34.3559782432321,FALSE,"up",1,FALSE,TRUE,FALSE,FALSE,FALSE,TRUE,2
"IK_TWSWSIQAPQLDBP-DOFZRALJSA-N",34.3368797994898,FALSE,"up",1,FALSE,TRUE,FALSE,FALSE,TRUE,TRUE,3
"IK_NUCLJNSWZCHRKL-UHFFFAOYSA-N",34.3298007296291,FALSE,"up",1,FALSE,TRUE,TRUE,TRUE,TRUE,TRUE,5
"IK_HJXMNVQARNZTEE-UHFFFAOYSA-N",34.3241475036615,FALSE,"up",1,FALSE,TRUE,FALSE,FALSE,FALSE,TRUE,2
"IK_RRHGJUQNOFWUDK-UHFFFAOYSA-N",34.3156593064427,FALSE,"up",1,FALSE,TRUE,FALSE,FALSE,TRUE,TRUE,3
"IK_SZVNKXCDJUBPQO-HWKANZROSA-N",34.3050490599191,FALSE,"up",1,FALSE,TRUE,FALSE,TRUE,FALSE,TRUE,3
"IK_VACHUYIREGFMSP-UHFFFAOYSA-N",34.3029270106144,FALSE,"up",1,FALSE,TRUE,FALSE,FALSE,FALSE,TRUE,2
"IK_JPFXYNDBKFIYLX-UHFFFAOYSA-N",34.2817065175673,FALSE,"up",1,FALSE,TRUE,FALSE,FALSE,FALSE,TRUE,2
"IK_NISGSNTVMOOSJQ-UHFFFAOYSA-N",34.2732183203485,FALSE,"up",1,FALSE,TRUE,FALSE,TRUE,FALSE,TRUE,3
"UNKNOWN_ROW__24167579__unknown_150",34.2695962017077,FALSE,"up",1,FALSE,FALSE,FALSE,FALSE,FALSE,FALSE,0
"UNKNOWN_ROW__24167579__unknown_166",34.2695962017077,FALSE,"up",1,FALSE,FALSE,FALSE,FALSE,FALSE,FALSE,0
"IK_FBTYOQIYBULKEH-ZFWWWQNUSA-N",34.2604860245202,FALSE,"up",1,FALSE,TRUE,FALSE,FALSE,FALSE,TRUE,2
"IK_VJZBXAQGWLMYMS-HNNXBMFYSA-N",34.2498757779967,FALSE,"up",1,FALSE,TRUE,FALSE,FALSE,FALSE,TRUE,2
"IK_SNDPXSYFESPGGJ-BYPYZUCNSA-N",34.2413875807779,FALSE,"up",1,FALSE,TRUE,FALSE,FALSE,TRUE,TRUE,3
"IK_OUICDHFBMJCDTL-GHRIWEEISA-N",34.2392655314732,FALSE,"up",1,FALSE,TRUE,FALSE,FALSE,FALSE,TRUE,2
"IK_IGQBPDJNUXPEMT-SNVBAGLBSA-N",34.232899383559,FALSE,"down",1,FALSE,TRUE,FALSE,TRUE,TRUE,TRUE,4
"IK_UFGLFVVFQFFPSV-LKBCLYITSA-N",34.2074347919025,FALSE,"down",1,FALSE,TRUE,FALSE,FALSE,FALSE,TRUE,2
"IK_PFWLFWPASULGAN-UHFFFAOYSA-N",34.2010686439884,FALSE,"up",1,FALSE,TRUE,FALSE,TRUE,TRUE,TRUE,4
"IK_QJPWUUJVYOJNMH-UHFFFAOYSA-N",34.1756040523319,FALSE,"down",1,FALSE,TRUE,FALSE,FALSE,FALSE,TRUE,2
"IK_SVURIXNDRWRAFU-OGMFBOKVSA-N",34.1756040523319,FALSE,"up",1,FALSE,TRUE,FALSE,FALSE,FALSE,TRUE,2
"NO_INCHIKEY__possible flavonoid",34.1696403620445,FALSE,"down",1,FALSE,TRUE,FALSE,FALSE,FALSE,FALSE,1
"IK_NQPDZGIKBAWPEJ-UHFFFAOYSA-N",34.1677698571301,FALSE,"down",1,FALSE,TRUE,FALSE,TRUE,TRUE,TRUE,4
"IK_IXSYVBCFIGEECR-JLNKQSITSA-N",34.1565056085895,FALSE,"down",1,FALSE,TRUE,TRUE,FALSE,FALSE,TRUE,3
"IK_UXFQFBNBSPQBJW-UHFFFAOYSA-N",34.1543835592848,FALSE,"up",1,FALSE,TRUE,FALSE,FALSE,FALSE,TRUE,2
"IK_LFULEKSKNZEWOE-UHFFFAOYSA-N",34.1537464313506,FALSE,"down",1,FALSE,TRUE,FALSE,FALSE,TRUE,TRUE,3
"IK_JDJSHLXEHWCLEP-SYHAXYEDSA-N",34.145895362066,FALSE,"up",1,FALSE,TRUE,FALSE,FALSE,TRUE,TRUE,3
"UNKNOWN_ROW__24167579__unknown_1",34.1446514021287,FALSE,"up",1,FALSE,FALSE,FALSE,FALSE,FALSE,FALSE,0
"IK_BFYYUELWUKXHLB-UHFFFAOYSA-N",34.1331630662377,FALSE,"up",1,FALSE,TRUE,FALSE,FALSE,FALSE,TRUE,2
"IK_WLXCRBOZJKAXCC-UHFFFAOYSA-N",34.1246748690189,FALSE,"up",1,FALSE,TRUE,FALSE,TRUE,FALSE,TRUE,3
"IK_HXYVTAGFYLMHSO-UHFFFAOYSA-N",34.1161866718001,FALSE,"up",1,FALSE,TRUE,FALSE,TRUE,TRUE,TRUE,4
"IK_FONAXCRWZQFJHY-JCGOJSMZSA-N",34.1140646224954,FALSE,"down",1,FALSE,TRUE,TRUE,FALSE,FALSE,TRUE,3
"IK_GUBGYTABKSRVRQ-CUHNMECISA-N",34.1133984336484,FALSE,"up",1,FALSE,TRUE,FALSE,FALSE,TRUE,TRUE,3
"IK_IQYIDEWXVLGTDZ-AWQFTUOYSA-N",34.1119425731906,FALSE,"down",1,FALSE,TRUE,FALSE,FALSE,FALSE,TRUE,2
"IK_NNIGBOAAXZMMQM-DTQAZKPQSA-N",34.0907220801436,FALSE,"up",1,FALSE,TRUE,FALSE,FALSE,FALSE,TRUE,2
"IK_SZHOJFHSIKHZHA-UHFFFAOYSA-N",34.0822338829247,FALSE,"down",1,FALSE,TRUE,FALSE,FALSE,TRUE,TRUE,3
"IK_YSUPYJPCFRZHTJ-UHFFFAOYSA-N",34.08011183362,FALSE,"down",1,FALSE,TRUE,FALSE,FALSE,FALSE,TRUE,2
"IK_GJGMABPPERWSNB-CDMLTSFUSA-N",34.0716236364012,FALSE,"down",1,FALSE,TRUE,TRUE,FALSE,FALSE,TRUE,3
"IK_AEAPORIZZWBIEX-DTBDINHYSA-N",34.0695015870965,FALSE,"up",1,FALSE,TRUE,FALSE,FALSE,FALSE,TRUE,2
"IK_QRRSWTCVSAQEPQ-UHFFFAOYSA-N",34.0588913405729,FALSE,"up",1,FALSE,TRUE,FALSE,FALSE,FALSE,TRUE,2
"IK_YMGUBTXCNDTFJI-UHFFFAOYSA-N",34.0397928968305,FALSE,"down",1,FALSE,TRUE,FALSE,FALSE,TRUE,TRUE,3
"IK_ITPJUJKUKRFQHQ-UHFFFAOYSA-N",34.0226923941054,FALSE,"up",1,FALSE,TRUE,FALSE,FALSE,FALSE,TRUE,2
"IK_JLZAERUVCODZQO-VWCUIIQSSA-N",34.0217554777405,FALSE,"up",1,TRUE,TRUE,FALSE,FALSE,FALSE,TRUE,2
"IK_CFYMYCCYMJIYAB-UHFFFAOYSA-N",34.0079621572599,FALSE,"up",1,FALSE,TRUE,FALSE,FALSE,TRUE,TRUE,3
"IK_NELZMZLNTYWIPD-MLBSDYKWSA-N",33.9973519107364,FALSE,"up",1,FALSE,TRUE,FALSE,FALSE,TRUE,TRUE,3
"IK_XMWINMVFKPHMJB-UHFFFAOYSA-N",33.9952298614317,FALSE,"up",1,FALSE,TRUE,FALSE,FALSE,FALSE,TRUE,2
"IK_XUIIKFGFIJCVMT-LBPRGKRZSA-N",33.978253466994,FALSE,"up",1,FALSE,TRUE,FALSE,TRUE,TRUE,TRUE,4
"IK_IPWFJLQDVFKJDU-UHFFFAOYSA-N",33.9676432204705,FALSE,"up",1,FALSE,TRUE,FALSE,TRUE,TRUE,TRUE,4
"IK_OAQGPAZDRCBBLD-YTCWWFNZSA-N",33.963399121861,FALSE,"up",1,FALSE,TRUE,FALSE,FALSE,FALSE,TRUE,2
"IK_JKIFWWSPZOSHGE-UHFFFAOYSA-N",33.9527888753375,FALSE,"up",1,FALSE,TRUE,FALSE,FALSE,FALSE,TRUE,2
"IK_BBYWOYAFBUOUFP-JOCHJYFZSA-N",33.9443006781187,FALSE,"down",1,FALSE,TRUE,FALSE,TRUE,FALSE,TRUE,3
"IK_HXZFYDGMORCWCA-KTKRTIGZSA-N",33.9336904315951,FALSE,"down",1,FALSE,TRUE,TRUE,FALSE,FALSE,TRUE,3
"IK_QQQYQWNSMUHSCK-UHFFFAOYSA-N",33.9277569345101,FALSE,"down",1,FALSE,TRUE,FALSE,FALSE,FALSE,TRUE,2
"IK_XVQDCCGQSOTQBN-RXCALXPUSA-N",33.9103478892433,FALSE,"up",1,FALSE,TRUE,FALSE,FALSE,FALSE,TRUE,2
"IK_NGSWBLPYWNRZHV-FUJSRDAWSA-N",33.8997376427198,FALSE,"down",1,FALSE,TRUE,FALSE,FALSE,FALSE,TRUE,2
"UNKNOWN_ROW__24167579__unknown_175",33.8947618029708,FALSE,"up",1,FALSE,FALSE,FALSE,FALSE,FALSE,FALSE,0
"IK_RRTPYUGIBQLEDN-FPLPWBNLSA-N",33.8608025004427,FALSE,"down",1,FALSE,TRUE,FALSE,FALSE,FALSE,TRUE,2
"IK_UARHXHPRJDJCKE-QECOYPFHSA-N",33.8488084594068,FALSE,"down",1,FALSE,TRUE,TRUE,FALSE,FALSE,TRUE,3
"IK_GUMSBNXGPBAONF-UBRVPYPMSA-N",33.8381982128832,FALSE,"down",1,FALSE,TRUE,TRUE,FALSE,FALSE,TRUE,3
"IK_OVOCLWJUABOAPL-UHFFFAOYSA-N",33.825465917055,FALSE,"down",1,FALSE,TRUE,FALSE,FALSE,FALSE,TRUE,2
"IK_YBDFPZJQBYCWBA-WMTBOZPISA-N",33.8169777198362,FALSE,"up",1,FALSE,TRUE,FALSE,TRUE,FALSE,TRUE,3
"IK_VLBPIWYTPAXCFJ-UHFFFAOYSA-N",33.8092194623282,FALSE,"up",1,FALSE,TRUE,FALSE,FALSE,TRUE,TRUE,3
"IK_JCGMJARSAZGXHM-UHFFFAOYSA-N",33.7936351774843,FALSE,"up",1,FALSE,TRUE,FALSE,FALSE,FALSE,TRUE,2
"IK_VIMPHGVJPCSNPE-ZCLMWFBCSA-N",33.7851469802655,FALSE,"down",1,FALSE,TRUE,TRUE,FALSE,FALSE,TRUE,3
"IK_LIFAQMGORKPVDH-UHFFFAOYSA-N",33.774536733742,FALSE,"up",1,FALSE,TRUE,FALSE,FALSE,TRUE,TRUE,3
"IK_RGJHRVMTLGLFPX-UHFFFAOYSA-N",33.7618044379137,FALSE,"up",1,FALSE,TRUE,FALSE,FALSE,FALSE,TRUE,2
"IK_PEJGMBUENJSLLH-RHAKMSQVSA-N",33.7533162406949,FALSE,"down",1,FALSE,TRUE,TRUE,FALSE,FALSE,TRUE,3
"IK_TUNFSRHWOTWDNC-UHFFFAOYSA-N",33.723607550429,FALSE,"up",1,FALSE,TRUE,TRUE,FALSE,TRUE,TRUE,4
"IK_IOQPZZOEVPZRBK-UHFFFAOYSA-N",33.7214855011243,FALSE,"up",1,FALSE,TRUE,FALSE,FALSE,TRUE,TRUE,3
"IK_YHFPHRUWZMEOIX-CYDGBPFRSA-N",33.7193634518196,FALSE,"down",1,FALSE,TRUE,FALSE,FALSE,FALSE,TRUE,2
"IK_IBZYPBGPOGJMBF-QRHMYKSGSA-N",33.708753205296,FALSE,"down",1,FALSE,TRUE,FALSE,FALSE,FALSE,TRUE,2
"IK_DFMCTODOEICLEB-UHFFFAOYSA-N",33.6875327122489,FALSE,"up",1,FALSE,TRUE,FALSE,FALSE,FALSE,TRUE,2
"IK_HNFSZKRUPTYBOQ-ZDYOIFAYSA-N",33.6790445150301,FALSE,"down",1,FALSE,TRUE,TRUE,FALSE,FALSE,TRUE,3
"IK_MBWDCAVWOVBITA-RRQLROBKSA-N",33.6684342685065,FALSE,"up",1,FALSE,TRUE,TRUE,FALSE,FALSE,TRUE,3
"IK_WURBQCVBQNMUQT-OLKPEBQYSA-N",33.6463278713808,FALSE,"down",1,FALSE,TRUE,FALSE,FALSE,FALSE,TRUE,2
"IK_AOXITOVWUAKZHT-CCKFTAQKSA-N",33.6433085681997,FALSE,"down",1,FALSE,TRUE,TRUE,TRUE,FALSE,TRUE,4
"IK_JYZJYKOZGGEXSX-UHFFFAOYSA-N",33.6132609865841,FALSE,"up",1,FALSE,TRUE,FALSE,FALSE,FALSE,TRUE,2
"IK_AEFNZGGBWOQYID-KQPZCCJBSA-N",33.6047727893653,FALSE,"down",1,FALSE,TRUE,FALSE,FALSE,TRUE,TRUE,3
"IK_VNBZCSKDIGCTNO-UHFFFAOYSA-N",33.6026507400606,FALSE,"up",1,FALSE,TRUE,FALSE,FALSE,FALSE,TRUE,2
"IK_SONNWYBIRXJNDC-VIFPVBQESA-N",33.5997860237467,FALSE,"up",2,TRUE,TRUE,FALSE,FALSE,TRUE,TRUE,3
"IK_OJYLAHXKWMRDGS-UHFFFAOYSA-N",33.5941625428417,FALSE,"down",1,FALSE,TRUE,FALSE,FALSE,TRUE,TRUE,3
"IK_XINCECQTMHSORG-UHFFFAOYSA-N",33.5729420497947,FALSE,"up",1,FALSE,TRUE,FALSE,FALSE,TRUE,TRUE,3
"IK_UFAHZIUFPNSHSL-UHFFFAOYNA-N",33.5644538525758,FALSE,"up",1,FALSE,TRUE,TRUE,FALSE,TRUE,TRUE,4
"IK_AJOQSQHYDOFIOX-UHFFFAOYSA-N",33.5538436060523,FALSE,"up",1,TRUE,TRUE,FALSE,TRUE,TRUE,TRUE,4
"IK_DNXHEGUUPJUMQT-CBZIJGRNSA-N",33.543299872578,FALSE,"up",1,FALSE,TRUE,FALSE,FALSE,TRUE,TRUE,3
"IK_GJRXIEGNAMFGOV-VEOGPPBOSA-N",33.541111310224,FALSE,"down",1,FALSE,TRUE,TRUE,FALSE,FALSE,TRUE,3
"IK_XRISENIKJUKIHD-LHQZMKCDSA-N",33.541111310224,FALSE,"down",1,FALSE,TRUE,FALSE,TRUE,FALSE,TRUE,3
"IK_SXOUIMVOMIGLHO-AATRIKPKSA-N",33.5389892609193,FALSE,"down",1,FALSE,TRUE,FALSE,FALSE,FALSE,TRUE,2
"IK_QIVBCDIJIAJPQS-SECBINFHSA-N",33.5337562461291,FALSE,"down",1,FALSE,TRUE,TRUE,FALSE,TRUE,TRUE,4
"IK_CLKPVQZFNYXFCY-UHFFFAOYSA-N",33.5283790143958,FALSE,"up",1,FALSE,TRUE,FALSE,FALSE,FALSE,TRUE,2
"UNKNOWN_ROW__24167579__unknown_94",33.5199274042339,FALSE,"down",1,FALSE,FALSE,FALSE,FALSE,FALSE,FALSE,0
"IK_OECTYKWYRCHAKR-UHFFFAOYSA-N",33.5198908171769,FALSE,"up",1,FALSE,TRUE,FALSE,FALSE,TRUE,TRUE,3
"IK_LGOGXWQIQWFWBX-BEEAGPBQSA-N",33.5092805706534,FALSE,"down",1,FALSE,TRUE,TRUE,FALSE,FALSE,TRUE,3
"IK_RMIYQXBEQHMQGK-ZMEZPTJQSA-N",33.4986703241299,FALSE,"up",1,FALSE,TRUE,TRUE,FALSE,FALSE,TRUE,3
"IK_ZBCBWPMODOFKDW-UHFFFAOYSA-N",33.490182126911,FALSE,"down",1,FALSE,TRUE,FALSE,TRUE,TRUE,TRUE,4
"IK_MDQKYGOECVSPIW-UHFFFAOYSA-N",33.4814671938849,FALSE,"up",2,FALSE,TRUE,FALSE,FALSE,FALSE,TRUE,2
"IK_UVZICZIVKIMRNE-UHFFFAOYSA-N",33.4668395845592,FALSE,"up",1,FALSE,TRUE,FALSE,FALSE,TRUE,TRUE,3
"IK_WBBQTNCISCKUMU-IUQGRGSQSA-N",33.4647175352545,FALSE,"up",1,FALSE,TRUE,FALSE,FALSE,FALSE,TRUE,2
"IK_MBMQEIFVQACCCH-XVNBXDOJSA-N",33.454107288731,FALSE,"up",1,FALSE,TRUE,FALSE,FALSE,FALSE,TRUE,2
"IK_LILXPJXZNJTPQZ-UHFFFAOYSA-N",33.4350088449886,FALSE,"down",1,FALSE,TRUE,FALSE,TRUE,FALSE,TRUE,3
"IK_PGFGQERXTDRVHO-SVHMSXJUSA-N",33.4328867956839,FALSE,"down",1,FALSE,TRUE,FALSE,FALSE,FALSE,TRUE,2
"IK_KKSDGJDHHZEWEP-SNAWJCMRSA-N",33.4243985984651,FALSE,"up",1,FALSE,TRUE,FALSE,FALSE,TRUE,TRUE,3
"IK_RTUPAQBCUJORTM-UHFFFAOYSA-N",33.4116663026368,FALSE,"down",1,FALSE,TRUE,FALSE,FALSE,FALSE,TRUE,2
"IK_YIAPLDFPUUJILH-UHFFFAOYSA-N",33.403178105418,FALSE,"down",1,FALSE,TRUE,FALSE,FALSE,TRUE,TRUE,3
"IK_BJRMBXPQAMDCMG-CMJQBAFXSA-N",33.4010560561133,FALSE,"up",1,FALSE,TRUE,FALSE,FALSE,FALSE,TRUE,2
"UNKNOWN_ROW__24167579__unknown_170",33.394982604655,FALSE,"up",1,FALSE,FALSE,FALSE,FALSE,FALSE,FALSE,0
"IK_CZBPKFICAYVHHM-UHFFFAOYSA-N",33.3851406863279,FALSE,"up",1,TRUE,TRUE,FALSE,FALSE,FALSE,TRUE,2
"IK_FYIKIBQJAJRKQM-WNCNYDOCSA-N",33.3798355630662,FALSE,"down",1,FALSE,TRUE,FALSE,FALSE,FALSE,TRUE,2
"IK_KZSNJWFQEVHDMF-UHFFFAOYNA-N",33.3763467701415,FALSE,"up",1,FALSE,TRUE,TRUE,FALSE,TRUE,TRUE,4
"IK_CNWPIIOQKZNXBB-WBYPBBSPSA-M",33.3692253165426,FALSE,"down",1,FALSE,TRUE,FALSE,FALSE,FALSE,TRUE,2
"IK_GCGTXOVNNFGTPQ-JHOUSYSJSA-N",33.3640471160478,FALSE,"down",1,FALSE,TRUE,TRUE,FALSE,FALSE,TRUE,3
"IK_QWVGKYWNOKOFNN-UHFFFAOYSA-N",33.3395166262767,FALSE,"down",1,FALSE,TRUE,FALSE,FALSE,TRUE,TRUE,3
"IK_NAIPAPCKKRCMBL-JYJNAYRXSA-N",33.3267843304485,FALSE,"up",1,FALSE,TRUE,FALSE,FALSE,FALSE,TRUE,2
"IK_DWRXFEITVBNRMK-JAGXHNFQSA-N",33.3182961332296,FALSE,"down",1,FALSE,TRUE,FALSE,FALSE,TRUE,TRUE,3
"IK_MDZKJHQSJHYOHJ-LLICELPBSA-N",33.2949535908778,FALSE,"up",1,FALSE,TRUE,FALSE,FALSE,FALSE,TRUE,2
"IK_NZSAHCYFUVNLPX-UHFFFAOYSA-N",33.2843433443543,FALSE,"down",1,FALSE,TRUE,FALSE,FALSE,FALSE,TRUE,2
"IK_KFEUJDWYNGMDBV-LODBTCKLSA-N",33.2797634713781,FALSE,"up",1,FALSE,TRUE,FALSE,FALSE,FALSE,TRUE,2
"IK_XEVRBOQZSXWGQO-PAUXXPOVSA-N",33.2758551471355,FALSE,"up",1,FALSE,TRUE,FALSE,TRUE,FALSE,TRUE,3
"IK_WXSTZZVBULFWJM-ZETCQYMHSA-N",33.2631228513072,FALSE,"up",1,FALSE,TRUE,FALSE,FALSE,FALSE,TRUE,2
"IK_PRGQOPPDPVELEG-UHFFFAOYSA-N",33.2599397773501,FALSE,"down",1,TRUE,TRUE,FALSE,FALSE,TRUE,TRUE,3
"IK_XGYIMTFOTBMPFP-KQYNXXCUSA-N",33.2546346540884,FALSE,"down",1,FALSE,TRUE,FALSE,FALSE,TRUE,TRUE,3
"IK_FEFCOLGURZACFM-UHFFFAOYSA-N",33.220681865213,FALSE,"up",1,FALSE,TRUE,FALSE,FALSE,FALSE,TRUE,2
"IK_CBMYJHIOYJEBSB-CAHXEBCQSA-N",33.2121936679942,FALSE,"down",1,FALSE,TRUE,FALSE,FALSE,TRUE,TRUE,3
"IK_FNPHNLNTJNMAEE-UHFFFAOYSA-N",33.207835384911,FALSE,"down",1,FALSE,TRUE,TRUE,FALSE,FALSE,TRUE,3
"IK_YCXUCEXEMJPDRZ-UHFFFAOYSA-N",33.2015834214707,FALSE,"up",1,FALSE,TRUE,FALSE,TRUE,FALSE,TRUE,3
"IK_XTFQIRIHLGODFV-UHFFFAOYSA-N",33.194785379345,FALSE,"down",1,FALSE,TRUE,FALSE,FALSE,FALSE,TRUE,2
"IK_DNKGWNLXBRCUCF-NLOSNHEGSA-N",33.1888511256424,FALSE,"up",1,FALSE,TRUE,FALSE,FALSE,FALSE,TRUE,2
"IK_BTIHMVBBUGXLCJ-UHFFFAOYSA-N",33.1803629284236,FALSE,"down",1,FALSE,TRUE,FALSE,FALSE,TRUE,TRUE,3
"IK_DIFYHTVBKJHYKE-OUNRCAHPSA-N",33.1697526819,FALSE,"down",1,FALSE,TRUE,FALSE,TRUE,FALSE,TRUE,3
"IK_NKDFYOWSKOHCCO-YPVLXUMRSA-N",33.167898464061,FALSE,"up",1,FALSE,TRUE,FALSE,FALSE,TRUE,TRUE,3
"IK_DYENWMUXSKPFLC-DFLWBBLWSA-N",33.1676306325953,FALSE,"down",1,FALSE,TRUE,FALSE,FALSE,FALSE,TRUE,2
"IK_DZTWAOVNNLDWNH-XYXZLXRDSA-N",33.1591424353765,FALSE,"up",1,FALSE,TRUE,FALSE,FALSE,TRUE,TRUE,3
"IK_PFTAWBLQPZVEMU-AFYYWNPRSA-N",33.1570203860718,FALSE,"up",1,FALSE,TRUE,FALSE,FALSE,FALSE,TRUE,2
"IK_INHVGPIPHZJQOP-ZNMIVQPWSA-N",33.1357998930247,FALSE,"up",1,FALSE,TRUE,FALSE,FALSE,FALSE,TRUE,2
"IK_NSHPHXHGRHSMIK-JRIKCGFMSA-N",33.1273116958059,FALSE,"up",1,FALSE,TRUE,FALSE,FALSE,TRUE,TRUE,3
"IK_XLUAWXQORJEMBD-YUMQZZPRSA-N",33.1167014492823,FALSE,"up",1,FALSE,TRUE,FALSE,TRUE,FALSE,TRUE,3
"IK_IHCPDBBYTYJYIL-UHFFFAOYSA-N",33.1165688518948,FALSE,"down",1,FALSE,TRUE,FALSE,TRUE,FALSE,TRUE,3
"IK_RJTYSXVYCZAUHE-UHFFFAOYSA-N",33.1039691534541,FALSE,"down",1,FALSE,TRUE,FALSE,FALSE,FALSE,TRUE,2
"IK_ZJAZCYLYLVCSNH-JHJVBQTASA-N",33.0615281673599,FALSE,"up",1,FALSE,TRUE,FALSE,FALSE,FALSE,TRUE,2
"IK_FVXDQWZBHIXIEJ-LNDKUQBDSA-N",33.0530399701411,FALSE,"up",1,FALSE,TRUE,TRUE,FALSE,FALSE,TRUE,3
"IK_BAVYZALUXZFZLV-UHFFFAOYSA-N",33.0348269928536,FALSE,"down",1,FALSE,TRUE,FALSE,TRUE,TRUE,TRUE,4
"IK_IGRHJCFWWOQYQE-SYQHCUMBSA-N",33.0296974277893,FALSE,"up",1,FALSE,TRUE,FALSE,FALSE,FALSE,TRUE,2
"IK_QWZIITCYKKSZGN-UHFFFAOYSA-N",33.0084769347422,FALSE,"down",1,FALSE,TRUE,FALSE,FALSE,FALSE,TRUE,2
"IK_HEGSGKPQLMEBJL-RKQHYHRCSA-N",32.9978666882186,FALSE,"up",1,FALSE,TRUE,FALSE,FALSE,FALSE,TRUE,2
"IK_IBRKLUSXDYATLG-ZCFIWIBFSA-N",32.9681579979527,FALSE,"up",1,FALSE,TRUE,FALSE,FALSE,TRUE,TRUE,3
"IK_FMOWGHRAYUFXIG-UHFFFAOYSA-N",32.9554257021245,FALSE,"up",1,FALSE,TRUE,FALSE,FALSE,FALSE,TRUE,2
"IK_YOILXOMTHPUMRG-TZMCWYRMSA-N",32.9448154556009,FALSE,"down",1,FALSE,TRUE,FALSE,FALSE,FALSE,TRUE,2
"IK_IOUPEELXVYPCPG-LURJTMIESA-N",32.9430426665027,FALSE,"up",1,FALSE,TRUE,FALSE,FALSE,FALSE,TRUE,2
"IK_FMINYZXVCTYSNY-UHFFFAOYSA-N",32.9363272583821,FALSE,"up",1,FALSE,TRUE,FALSE,FALSE,TRUE,TRUE,3
"IK_YLFRRPUBVUAHSR-RRPFGEQOSA-N",32.9235949625538,FALSE,"up",1,FALSE,TRUE,FALSE,FALSE,FALSE,TRUE,2
"IK_LJTSIMVOOOLKOL-FNRDIUJOSA-N",32.915106765335,FALSE,"up",1,FALSE,TRUE,FALSE,TRUE,FALSE,TRUE,3
"IK_UGJMXCAKCUNAIE-UHFFFAOYSA-N",32.9082866471044,FALSE,"up",1,TRUE,TRUE,TRUE,FALSE,TRUE,TRUE,4
"IK_NNEIBJNHWVDJBA-GYSLYLNXSA-N",32.9044965188114,FALSE,"up",1,FALSE,TRUE,FALSE,TRUE,FALSE,TRUE,3
"IK_IHTCCHVMPGDDSL-IVNGUWCNSA-N",32.8938862722879,FALSE,"down",1,FALSE,TRUE,FALSE,FALSE,TRUE,TRUE,3
"IK_NIPLIJLVGZCKMP-UHFFFAOYSA-M",32.8864694009316,FALSE,"up",1,FALSE,TRUE,FALSE,FALSE,TRUE,TRUE,3
"IK_VAOOAPRSEDZAEV-JFECCKQBSA-N",32.8705437299361,FALSE,"up",1,FALSE,TRUE,FALSE,FALSE,FALSE,TRUE,2
"IK_PQMUUZGBMZBJSD-KNFYMXGFSA-N",32.8387129903655,FALSE,"up",1,FALSE,TRUE,FALSE,FALSE,FALSE,TRUE,2
"IK_FWWQKRXKHIRPJY-UHFFFAOYSA-N",32.8323468424514,FALSE,"up",1,FALSE,TRUE,FALSE,TRUE,TRUE,TRUE,4
"IK_QBILRDAMJUPXCX-PDSBPYSYSA-N",32.8196145466231,FALSE,"down",1,FALSE,TRUE,FALSE,TRUE,FALSE,TRUE,3
"IK_DNKQGUYVWUAYIE-QISQUURKSA-N",32.8174924973184,FALSE,"up",1,FALSE,TRUE,FALSE,FALSE,FALSE,TRUE,2
"IK_PJZFULXMEGMUDK-QGOAFFKASA-N",32.8020406819929,FALSE,"down",1,FALSE,TRUE,FALSE,FALSE,FALSE,TRUE,2
"IK_DIVQKHQLANKJQO-UHFFFAOYSA-N",32.798394053576,FALSE,"up",1,FALSE,TRUE,FALSE,FALSE,TRUE,TRUE,3
"IK_FVTVMQPGKVHSEY-UHFFFAOYSA-N",32.7856617577478,FALSE,"up",1,FALSE,TRUE,FALSE,FALSE,FALSE,TRUE,2
"IK_YTPRLBGPGZHUPD-SSDOTTSWSA-N",32.7771735605289,FALSE,"down",1,FALSE,TRUE,FALSE,FALSE,TRUE,TRUE,3
"UNKNOWN_ROW__24167579__unknown_190",32.7702586067602,FALSE,"down",1,FALSE,FALSE,FALSE,FALSE,FALSE,FALSE,0
"UNKNOWN_ROW__24167579__unknown_191",32.7702586067602,FALSE,"down",1,FALSE,FALSE,FALSE,FALSE,FALSE,FALSE,0
"UNKNOWN_ROW__24167579__unknown_92",32.7702586067602,FALSE,"down",1,FALSE,FALSE,FALSE,FALSE,FALSE,FALSE,0
"UNKNOWN_ROW__24167579__unknown_93",32.7702586067602,FALSE,"down",1,FALSE,FALSE,FALSE,FALSE,FALSE,FALSE,0
"NO_INCHIKEY__lpe n fa 40 6 lpe n fa 18 0 22 6",32.7698570740395,FALSE,"up",1,FALSE,FALSE,FALSE,FALSE,FALSE,FALSE,0
"IK_VXQBJTKSVGFQOL-UHFFFAOYSA-N",32.7644412647007,FALSE,"up",1,FALSE,TRUE,FALSE,FALSE,FALSE,TRUE,2
"IK_GSBJTPGARMFLIJ-YYBQYWACSA-N",32.7559530674818,FALSE,"down",1,FALSE,TRUE,TRUE,FALSE,FALSE,TRUE,3
"IK_VLSMHEGGTFMBBZ-OOZYFLPDSA-N",32.7453428209583,FALSE,"up",1,FALSE,TRUE,FALSE,FALSE,TRUE,TRUE,3
"IK_WCQFXNQALHURHS-BUHFOSPRSA-N",32.7432207716536,FALSE,"up",1,FALSE,TRUE,FALSE,FALSE,FALSE,TRUE,2
"IK_ANGCIHCSPJLGME-UHFFFAOYSA-N",32.7220002786065,FALSE,"up",1,FALSE,TRUE,FALSE,FALSE,FALSE,TRUE,2
"IK_ZPZUGHMDLKWJOU-LMSYVIICSA-N",32.711390032083,FALSE,"up",1,FALSE,TRUE,FALSE,FALSE,FALSE,TRUE,2
"IK_UCUNFLYVYCGDHP-BYPYZUCNSA-N",32.6871659695041,FALSE,"down",1,FALSE,TRUE,TRUE,FALSE,FALSE,TRUE,3
"IK_XGWNSZFVLRVRKZ-UHFFFAOYSA-N",32.6795592925123,FALSE,"up",1,FALSE,TRUE,FALSE,FALSE,FALSE,TRUE,2
"IK_XWYSLMAMRKYUFH-SEYXRHQNSA-N",32.6765382556449,FALSE,"up",1,FALSE,TRUE,FALSE,FALSE,FALSE,TRUE,2
"IK_FLKPEMZONWLCSK-UHFFFAOYSA-N",32.6710710952935,FALSE,"up",1,FALSE,TRUE,FALSE,FALSE,TRUE,TRUE,3
"IK_AHWXJDWBIIDPKS-TZUVPVEASA-N",32.66046084877,FALSE,"down",1,FALSE,TRUE,TRUE,FALSE,FALSE,TRUE,3
"IK_HYRKAAMZBDSJFJ-LFDBJOOHSA-N",32.6392403557229,FALSE,"up",1,FALSE,TRUE,FALSE,FALSE,TRUE,TRUE,3
"IK_LYMVXFSTACVOLP-ZFWWWQNUSA-N",32.6286301091993,FALSE,"up",1,FALSE,TRUE,FALSE,FALSE,TRUE,TRUE,3
"IK_QFXOXDSHNXAFEY-SREVYHEPSA-N",32.6265080598946,FALSE,"up",1,FALSE,TRUE,FALSE,FALSE,FALSE,TRUE,2
"IK_CYUZOYPRAQASLN-UHFFFAOYSA-N",32.6158978133711,FALSE,"down",1,FALSE,TRUE,FALSE,FALSE,FALSE,TRUE,2
"IK_KSEGSVAXULZZCC-UHFFFAOYSA-N",32.6074096161523,FALSE,"up",1,FALSE,TRUE,FALSE,TRUE,FALSE,TRUE,3
"NO_INCHIKEY__flavanoid glucuronide",32.5903165086641,FALSE,NA,1,FALSE,TRUE,FALSE,FALSE,FALSE,FALSE,1
"IK_DMQQXDPCRUGSQB-UHFFFAOYSA-N",32.5840670738005,FALSE,"down",1,FALSE,TRUE,FALSE,FALSE,FALSE,TRUE,2
"IK_ATNNLHXCRAAGJS-QZQOTICOSA-N",32.5586255033005,FALSE,"up",1,FALSE,TRUE,FALSE,FALSE,FALSE,TRUE,2
"IK_JAVWFBAAZSHHAD-HCYAGMRRSA-N",32.543748137011,FALSE,"down",1,FALSE,TRUE,TRUE,FALSE,FALSE,TRUE,3
"IK_ZSJMELIYGMLDEW-BJPCGIFGSA-N",32.5429297995864,FALSE,"up",1,FALSE,TRUE,TRUE,FALSE,FALSE,TRUE,3
"IK_BHQCQFFYRZLCQQ-PGHAKIONSA-N",32.5352599397922,FALSE,"up",1,FALSE,TRUE,FALSE,TRUE,TRUE,TRUE,4
"IK_ZFFFJLDTCLJDHL-JQYCEVDMSA-N",32.5331378904875,FALSE,"up",1,FALSE,TRUE,FALSE,TRUE,FALSE,TRUE,3
"IK_GIPZQCAVEQRWOM-IKJFKDIMSA-N",32.5283529467205,FALSE,"down",1,FALSE,TRUE,TRUE,FALSE,FALSE,TRUE,3
"IK_KACDZDULGKPXHT-HIVNOOBXSA-N",32.5225276439639,FALSE,"up",1,FALSE,TRUE,FALSE,TRUE,FALSE,TRUE,3
"IK_JJJPNTQYUJPWGQ-UHFFFAOYSA-N",32.5206116188635,FALSE,"down",1,FALSE,TRUE,FALSE,FALSE,FALSE,TRUE,2
"IK_VWEHHIHNZFXYIU-NAJHMEIQSA-N",32.5204055946592,FALSE,"down",1,FALSE,TRUE,FALSE,FALSE,FALSE,TRUE,2
"IK_JUCWIWDODRNWRN-REKGFNPQSA-N",32.5119173974404,FALSE,"down",1,FALSE,TRUE,TRUE,FALSE,FALSE,TRUE,3
"NO_INCHIKEY__flavonoid glucuronide",32.5062908867773,FALSE,NA,1,FALSE,TRUE,FALSE,FALSE,FALSE,FALSE,1
"IK_UJFZXWOEMYBQAZ-FBJUMJHFSA-N",32.5013071509168,FALSE,"down",1,FALSE,TRUE,TRUE,FALSE,FALSE,TRUE,3
"IK_ATFNSNUJZOYXFC-RQJHMYQMSA-N",32.4991851016121,FALSE,"up",1,FALSE,TRUE,FALSE,FALSE,FALSE,TRUE,2
"NO_INCHIKEY__flavonoid glucuronide se adenosylselenomethionine",32.492633753973,FALSE,NA,1,FALSE,TRUE,FALSE,FALSE,FALSE,FALSE,1
"IK_HBGGXOJOCNVPFY-UHFFFAOYSA-N",32.4800866578697,FALSE,"up",1,FALSE,TRUE,FALSE,FALSE,TRUE,TRUE,3
"IK_QIOYMVALOOEDDF-UHFFFAOYSA-N",32.477964608565,FALSE,"up",1,FALSE,TRUE,FALSE,FALSE,FALSE,TRUE,2
"IK_YQYUWUKDEVZFDB-UHFFFAOYSA-N",32.4673543620415,FALSE,"up",1,FALSE,TRUE,FALSE,FALSE,FALSE,TRUE,2
"IK_ILCLBYYAGZLAGC-UHFFFAOYSA-N",32.4567441155179,FALSE,"down",1,FALSE,TRUE,FALSE,FALSE,FALSE,TRUE,2
"IK_FMBYBTSZVHUJMV-DIVFMYBRSA-N",32.4482559182991,FALSE,"down",1,FALSE,TRUE,TRUE,FALSE,FALSE,TRUE,3
"IK_PBBWIAQSYZNWPA-UHFFFAOYSA-N",32.4482559182991,FALSE,"up",1,FALSE,TRUE,FALSE,TRUE,FALSE,TRUE,3
"IK_AGGWFDNPHKLBBV-YUMQZZPRSA-N",32.4461338689944,FALSE,"down",1,FALSE,TRUE,FALSE,FALSE,FALSE,TRUE,2
"IK_IESVDEZGAHUQJU-ZLBXKVHBSA-N",32.427035425252,FALSE,"down",1,FALSE,TRUE,TRUE,FALSE,FALSE,TRUE,3
"IK_LYRFLYHAGKPMFH-UHFFFAOYSA-N",32.4185472280332,FALSE,"up",1,FALSE,TRUE,FALSE,TRUE,TRUE,TRUE,4
"IK_NPDLYUOYAGBHFB-WDSKDSINSA-N",32.4143031294238,FALSE,"down",1,FALSE,TRUE,FALSE,FALSE,FALSE,TRUE,2
"IK_NZNWCYFBFHHMLM-UHFFFAOYSA-N",32.4143031294238,FALSE,"down",1,FALSE,TRUE,FALSE,FALSE,FALSE,TRUE,2
"IK_WPTTVJLTNAWYAO-KPOXMGGZSA-N",32.4143031294238,FALSE,"up",1,FALSE,TRUE,FALSE,FALSE,FALSE,TRUE,2
"UNKNOWN_ROW__24167579__unknown_149",32.3954242080233,FALSE,"up",1,FALSE,FALSE,FALSE,FALSE,FALSE,FALSE,0
"IK_AQAKHZVPOOGUCK-XPUUQOCRSA-N",32.3952046856814,FALSE,"up",1,FALSE,TRUE,FALSE,TRUE,FALSE,TRUE,3
"IK_NQAHWJIWYRYXFP-UHFFFAOYSA-N",32.3506416502825,FALSE,"down",1,FALSE,TRUE,FALSE,FALSE,FALSE,TRUE,2
"IK_YKFLAYDHMOASIY-UHFFFAOYSA-N",32.3463409060636,FALSE,NA,1,FALSE,TRUE,FALSE,TRUE,TRUE,TRUE,4
"IK_HZDLKNOGBSMKRN-UHFFFAOYSA-N",32.3421534530637,FALSE,"up",1,FALSE,TRUE,FALSE,FALSE,TRUE,TRUE,3
"IK_ZTQGTBHHQGGBSV-ATVZYYHQSA-N",32.3294211572354,FALSE,"up",1,FALSE,TRUE,FALSE,FALSE,FALSE,TRUE,2
"IK_FHKRUUVTZNTHKJ-NRNNPPJOSA-N",32.323611274673,FALSE,"down",1,FALSE,TRUE,FALSE,FALSE,TRUE,TRUE,3
"IK_LZCOQTDXKCNBEE-RUTJIGONSA-N",32.3204573282759,FALSE,"down",1,FALSE,TRUE,FALSE,FALSE,FALSE,TRUE,2
"IK_YUFFSWGQGVEMMI-RCHUDCCISA-N",32.3082006641883,FALSE,"up",1,FALSE,TRUE,FALSE,FALSE,FALSE,TRUE,2
"NO_INCHIKEY__aromatic phytochemical",32.303046635869,FALSE,NA,1,FALSE,TRUE,FALSE,FALSE,FALSE,FALSE,1
"IK_PDLAMJKMOKWLAJ-PVPULFMTSA-N",32.2997124669695,FALSE,"down",1,FALSE,TRUE,TRUE,FALSE,FALSE,TRUE,3
"IK_ASPCIAWQVXVATP-VWXYMJEFSA-N",32.2975904176648,FALSE,"up",1,FALSE,TRUE,FALSE,FALSE,FALSE,TRUE,2
"IK_RSDDHGSKLOSQFK-RVDMUPIBSA-N",32.2869801711413,FALSE,"up",1,FALSE,TRUE,FALSE,FALSE,FALSE,TRUE,2
"NO_INCHIKEY__tripeptide leu ile tyr lys",32.2703160141182,FALSE,NA,1,FALSE,TRUE,FALSE,FALSE,FALSE,FALSE,1
"IK_IOFRHEYTWVCPIG-UHFFFAOYSA-N",32.2684894018685,FALSE,NA,1,FALSE,TRUE,FALSE,FALSE,FALSE,FALSE,1
"IK_KAKZBPTYRLMSJV-UHFFFAOYSA-N",32.2572714808753,FALSE,"up",1,FALSE,TRUE,FALSE,FALSE,TRUE,TRUE,3
"IK_GUAHPAJOXVYFON-UHFFFAOYSA-N",32.2487832836565,FALSE,"up",1,FALSE,TRUE,FALSE,TRUE,TRUE,TRUE,4
"IK_IXYVBZOSGGJWCW-UHFFFAOYSA-N",32.2466612343518,FALSE,"down",1,FALSE,TRUE,FALSE,FALSE,TRUE,TRUE,3
"NO_INCHIKEY__tripeptide cys his lys",32.2413953106566,FALSE,NA,1,FALSE,TRUE,FALSE,FALSE,FALSE,FALSE,1
"IK_KVBGVZZKJNLNJU-UHFFFAOYSA-N",32.238173037133,FALSE,"down",1,FALSE,TRUE,FALSE,TRUE,TRUE,TRUE,4
"IK_DTOSIQBPPRVQHS-IUQGRGSQSA-N",32.2339289385235,FALSE,"up",1,FALSE,TRUE,FALSE,FALSE,FALSE,TRUE,2
"IK_GQQZXRPXBDJABR-XMDONHODSA-N",32.2148304947812,FALSE,"up",1,FALSE,TRUE,TRUE,FALSE,FALSE,TRUE,3
"IK_GVEZIHKRYBHEFX-NQQPLRFYSA-N",32.2042202482576,FALSE,"down",1,FALSE,TRUE,FALSE,FALSE,TRUE,TRUE,3
"IK_RDKCYWXIOLUDKK-KDPMOZFYSA-N",32.1983580039568,FALSE,"down",1,FALSE,TRUE,TRUE,FALSE,FALSE,TRUE,3
"IK_FAXDZWQIWUSWJH-UHFFFAOYSA-N",32.1808777059058,FALSE,"up",1,FALSE,TRUE,FALSE,FALSE,FALSE,TRUE,2
"IK_NOIIUHRQUVNIDD-UHFFFAOYSA-N",32.1654290815596,FALSE,"down",1,TRUE,TRUE,TRUE,FALSE,TRUE,TRUE,4
"NO_INCHIKEY__cer 41 2 2o cer 18 2 2o 23 0",32.1507040456704,FALSE,"down",1,FALSE,FALSE,FALSE,FALSE,FALSE,FALSE,0
"IK_VJNXUFOTKNTNPG-IOSLPCCCSA-O",32.1384367198117,FALSE,"up",1,FALSE,TRUE,FALSE,FALSE,FALSE,TRUE,2
"IK_GPSDUZXPYCFOSQ-UHFFFAOYSA-N",32.134496505135,FALSE,"down",1,FALSE,TRUE,TRUE,FALSE,FALSE,TRUE,3
"IK_XWRHBGVVCOSNKO-OPGYGNEESA-N",32.1299485225928,FALSE,"up",1,FALSE,TRUE,FALSE,FALSE,TRUE,TRUE,3
"IK_DPZVDLFOAZNCBU-UHFFFAOYSA-N",32.1172162267646,FALSE,"down",1,FALSE,TRUE,FALSE,FALSE,FALSE,TRUE,2
"NO_INCHIKEY__gpcho 2 0 18 3",32.1023618816316,FALSE,"up",1,FALSE,FALSE,FALSE,FALSE,FALSE,FALSE,0
"IK_YRHWKFMGEDDGIJ-UHFFFAOYSA-N",32.0981177830222,FALSE,"down",1,FALSE,TRUE,FALSE,FALSE,TRUE,TRUE,3
"IK_ZPVOLGVTNLDBFI-UHFFFAOYSA-N",32.0875075364986,FALSE,"up",1,FALSE,TRUE,TRUE,FALSE,FALSE,TRUE,3
"IK_CATMPQFFVNKDEY-YPMHNXCESA-N",32.0853854871939,FALSE,"up",1,FALSE,TRUE,FALSE,FALSE,FALSE,TRUE,2
"IK_BMUFUJMVNODTAD-UHFFFAOYSA-N",32.0747752406704,FALSE,"up",1,FALSE,TRUE,FALSE,FALSE,FALSE,TRUE,2
"IK_LITUBCVUXPBCGA-WMZHIEFXSA-N",32.0641649941469,FALSE,"down",1,FALSE,TRUE,FALSE,FALSE,FALSE,TRUE,2
"IK_BCXBIONYYJCSDF-CIUDSAMLSA-N",32.055676796928,FALSE,"down",1,FALSE,TRUE,FALSE,TRUE,FALSE,TRUE,3
"IK_DRNGLYHKYPNTEA-UHFFFAOYSA-N",32.0535547476233,FALSE,"down",1,FALSE,TRUE,FALSE,FALSE,FALSE,TRUE,2
"IK_ASWBNKHCZGQVJV-UHFFFAOYSA-N",32.0429445010998,FALSE,"up",1,FALSE,TRUE,FALSE,FALSE,FALSE,TRUE,2
"IK_MCKLJFJEQRYRQT-APGJSSKUSA-N",32.0344563038809,FALSE,"up",1,FALSE,TRUE,FALSE,FALSE,TRUE,TRUE,3
"IK_GTZCVFVGUGFEME-UHFFFAOYSA-N",32.0338899649044,FALSE,"up",1,FALSE,TRUE,FALSE,FALSE,TRUE,TRUE,3
"UNKNOWN_ROW__24167579__unknown_152",32.0205898092864,FALSE,"up",1,FALSE,FALSE,FALSE,FALSE,FALSE,FALSE,0
"UNKNOWN_ROW__24167579__unknown_155",32.0205898092864,FALSE,"up",1,FALSE,FALSE,FALSE,FALSE,FALSE,FALSE,0
"IK_PYLPANOYZCSFOX-UCIVWCSPSA-N",32.0132358108338,FALSE,"up",1,FALSE,TRUE,FALSE,TRUE,FALSE,TRUE,3
"IK_YMIXNQVKVPYZHL-YWSRBNGNSA-N",32.0111137615291,FALSE,"up",1,FALSE,TRUE,FALSE,FALSE,FALSE,TRUE,2
"IK_QQUHMASGPODSIW-ICECTASOSA-N",32.0026255643103,FALSE,"up",1,FALSE,TRUE,FALSE,FALSE,TRUE,TRUE,3
"IK_WTWBUQJHJGUZCY-UHFFFAOYSA-N",31.9814050712632,FALSE,"up",1,FALSE,TRUE,FALSE,FALSE,TRUE,TRUE,3
"IK_QIJPWSGHURHDHJ-UHFFFAOYSA-N",31.9601845782161,FALSE,"down",1,FALSE,TRUE,FALSE,TRUE,FALSE,TRUE,3
"IK_VASLEPDZAKCNJX-UHFFFAOYSA-N",31.9580625289114,FALSE,"down",1,FALSE,TRUE,FALSE,FALSE,FALSE,TRUE,2
"IK_UTQBHMSOMGCBHH-QYPJFMAQSA-N",31.938964085169,FALSE,"down",1,FALSE,TRUE,TRUE,FALSE,FALSE,TRUE,3
"IK_RIGHMQLKMHLMQD-UHFFFAOYSA-N",31.9156215428172,FALSE,"up",1,FALSE,TRUE,FALSE,FALSE,FALSE,TRUE,2
"IK_RAQNTCRNSXYLAH-RFCGZQMISA-N",31.9071333455984,FALSE,"down",1,FALSE,TRUE,FALSE,FALSE,TRUE,TRUE,3
"IK_HWWVPVUGOLNSEB-UHFFFAOYSA-N",31.8965230990749,FALSE,"down",1,FALSE,TRUE,FALSE,TRUE,FALSE,TRUE,3
"IK_MMFKFJORZBJVNF-UWVGGRQHSA-N",31.8646923595042,FALSE,"up",1,FALSE,TRUE,FALSE,FALSE,TRUE,TRUE,3
"IK_NBYHNBHEHIKVDS-CNFNJSKASA-N",31.8434718664572,FALSE,"down",1,FALSE,TRUE,TRUE,FALSE,FALSE,TRUE,3
"IK_JWGGSJFIGIGFSQ-UHFFFAOYSA-N",31.8413498171524,FALSE,"up",1,FALSE,TRUE,FALSE,FALSE,FALSE,TRUE,2
"IK_DZAUWHJDUNRCTF-UHFFFAOYSA-N",31.8307395706289,FALSE,"down",1,FALSE,TRUE,FALSE,FALSE,FALSE,TRUE,2
"IK_ZQDWXGKKHFNSQK-UHFFFAOYSA-N",31.8296785459765,FALSE,"up",1,TRUE,TRUE,FALSE,TRUE,TRUE,TRUE,4
"IK_YYAYRZYQSCUFIG-ZTYLUMCNSA-N",31.8222513734101,FALSE,"down",1,FALSE,TRUE,TRUE,FALSE,FALSE,TRUE,3
"IK_BHWXBRBFQBOUAF-UHFFFAOYSA-N",31.8201293241054,FALSE,"up",1,FALSE,TRUE,FALSE,FALSE,FALSE,TRUE,2
"IK_DWKUKQRKVCMOLP-UHFFFAOYSA-N",31.801030880363,FALSE,"up",1,FALSE,TRUE,FALSE,FALSE,TRUE,TRUE,3
"IK_RWGFKTVRMDUZSP-UHFFFAOYSA-N",31.7798103873159,FALSE,"up",1,FALSE,TRUE,FALSE,FALSE,TRUE,TRUE,3
"IK_MCFZBCCYOPSZLG-UHFFFAOYSA-N",31.7670780914876,FALSE,"down",1,FALSE,TRUE,FALSE,FALSE,FALSE,TRUE,2
"IK_ZGCHLOWZNKRZSN-NTSWFWBYSA-N",31.7585898942688,FALSE,"down",1,FALSE,TRUE,FALSE,FALSE,TRUE,TRUE,3
"IK_KOCFTADHOAAXFC-UHFFFAOYSA-N",31.7479796477453,FALSE,"up",1,FALSE,TRUE,FALSE,FALSE,TRUE,TRUE,3
"IK_KWXICGTUELOLSQ-UHFFFAOYSA-N",31.6949284151276,FALSE,"up",1,FALSE,TRUE,TRUE,FALSE,FALSE,TRUE,3
"IK_REKYPYSUBKSCAT-UHFFFAOYSA-N",31.6756409089639,FALSE,"up",2,FALSE,TRUE,FALSE,FALSE,FALSE,TRUE,2
"IK_AIUFHSHETJXZFR-ATCSHJOVSA-N",31.6737079220805,FALSE,"down",1,FALSE,TRUE,TRUE,FALSE,FALSE,TRUE,3
"IK_CAULGCQHVOVVRN-SWZPTJTJSA-N",31.6630976755569,FALSE,"up",1,FALSE,TRUE,FALSE,FALSE,TRUE,TRUE,3
"IK_VACHUYIREGFMSP-IRXDYDNUSA-N",31.6503653797287,FALSE,"down",1,FALSE,TRUE,FALSE,FALSE,FALSE,TRUE,2
"IK_NKDFYOWSKOHCCO-WRDNMVOESA-N",31.6418771825098,FALSE,"up",1,FALSE,TRUE,FALSE,FALSE,TRUE,TRUE,3
"IK_RSTMEZAVUUMLEO-OTPBFAOLSA-N",31.6397551332051,FALSE,"down",1,FALSE,TRUE,FALSE,FALSE,FALSE,TRUE,2
"IK_BOHZCIJMIPHZKG-OANVIGDOSA-N",31.6233500939448,FALSE,"down",1,FALSE,TRUE,FALSE,FALSE,FALSE,TRUE,2
"IK_HNOSJVWYGXOFRP-UNPOXIGHSA-N",31.6206566894628,FALSE,"down",1,FALSE,TRUE,FALSE,FALSE,TRUE,TRUE,3
"IK_OISFHODBOQNZAG-IAGOWNOFSA-N",31.618534640158,FALSE,"up",1,FALSE,TRUE,FALSE,FALSE,FALSE,TRUE,2
"IK_WQZGKKKJIJFFOK-SVZMEOIVSA-N",31.6100464429392,FALSE,"up",1,FALSE,TRUE,FALSE,FALSE,TRUE,TRUE,3
"IK_CUIDBUWFCFYEPL-PIFFKTMJSA-N",31.5994361964157,FALSE,"down",1,FALSE,TRUE,FALSE,TRUE,FALSE,TRUE,3
"IK_QWURLWZAOBRLES-JEGFTUTRSA-N",31.5867039005874,FALSE,"up",1,FALSE,TRUE,FALSE,FALSE,FALSE,TRUE,2
"IK_WQXXBAWHDQWCKL-XVFCMESISA-N",31.5782157033686,FALSE,"up",1,FALSE,TRUE,FALSE,FALSE,TRUE,TRUE,3
"IK_LKAPTZKZHMOIRE-KVTDHHQDSA-N",31.5760936540639,FALSE,"down",1,FALSE,TRUE,FALSE,FALSE,FALSE,TRUE,2
"IK_GIUNBNKDUHWVHI-LJQANCHMSA-N",31.567605456845,FALSE,"down",1,FALSE,TRUE,TRUE,FALSE,FALSE,TRUE,3
"IK_GUJNNQFVFGFZPK-UHFFFAOYSA-N",31.5654834075403,FALSE,"down",1,FALSE,TRUE,FALSE,FALSE,FALSE,TRUE,2
"IK_CXWTUGHAWQYVJV-VZNRCSAUSA-N",31.5569952103215,FALSE,"up",1,FALSE,TRUE,TRUE,FALSE,FALSE,TRUE,3
"IK_PADNECYMNLPKRN-UHFFFAOYSA-N",31.5548731610168,FALSE,"up",1,FALSE,TRUE,FALSE,FALSE,FALSE,TRUE,2
"IK_DNGCQXLPUZWYNB-UHFFFAOYSA-N",31.5336526679697,FALSE,"up",1,FALSE,TRUE,FALSE,FALSE,FALSE,TRUE,2
"IK_GYDJEQRTZSCIOI-UHFFFAOYSA-N",31.5272865200556,FALSE,"up",1,TRUE,TRUE,FALSE,TRUE,TRUE,TRUE,4
"UNKNOWN_ROW__24167579__unknown_146",31.5208106109705,FALSE,"up",1,FALSE,FALSE,FALSE,FALSE,FALSE,FALSE,0
"UNKNOWN_ROW__24167579__unknown_148",31.5208106109705,FALSE,"up",1,FALSE,FALSE,FALSE,FALSE,FALSE,FALSE,0
"UNKNOWN_ROW__24167579__unknown_163",31.5208106109705,FALSE,"up",1,FALSE,FALSE,FALSE,FALSE,FALSE,FALSE,0
"IK_FDRCXEWKDMDDQD-UHFFFAOYSA-N",31.517582282773,FALSE,"down",1,FALSE,TRUE,FALSE,FALSE,FALSE,TRUE,2
"IK_UYZBRJHRPDMUHS-UHFFFAOYSA-N",31.5124321749226,FALSE,"down",1,FALSE,TRUE,FALSE,FALSE,FALSE,TRUE,2
"IK_KEECCEWTUVWFCV-UHFFFAOYSA-N",31.5092491009656,FALSE,"up",1,TRUE,TRUE,FALSE,FALSE,TRUE,TRUE,3
"IK_ZIBGPFATKBEMQZ-UHFFFAOYSA-N",31.5060660270085,FALSE,"down",1,FALSE,TRUE,FALSE,TRUE,TRUE,TRUE,4
"IK_DIRFUJHNVNOBMY-UHFFFAOYSA-N",31.5039439777038,FALSE,"down",1,FALSE,TRUE,FALSE,FALSE,TRUE,TRUE,3
"IK_VYYMKBGJOHEYSB-ZKQZXHNPSA-N",31.5039439777038,FALSE,"down",1,FALSE,TRUE,TRUE,FALSE,FALSE,TRUE,3
"IK_KRHRBKYBJXMYBB-WHFBIAKZSA-N",31.4912116818755,FALSE,"up",1,FALSE,TRUE,FALSE,FALSE,FALSE,TRUE,2
"IK_PHIQHXFUZVPYII-ZCFIWIBFSA-N",31.4848455339614,FALSE,"down",1,FALSE,TRUE,FALSE,TRUE,TRUE,TRUE,4
"IK_MICNQLKUSOVNNG-UHFFFAOYSA-N",31.480601435352,FALSE,"up",1,FALSE,TRUE,FALSE,FALSE,FALSE,TRUE,2
"IK_SSZWWUDQMAHNAQ-UHFFFAOYSA-N",31.4793240852851,FALSE,"down",1,FALSE,TRUE,FALSE,FALSE,TRUE,TRUE,3
"IK_RCCMXKJGURLWPB-UHFFFAOYSA-N",31.4699911888284,FALSE,"up",1,FALSE,TRUE,FALSE,FALSE,FALSE,TRUE,2
"IK_WTOYNGQRGOLPNU-UHFFFAOYSA-N",31.4487706957814,FALSE,"up",1,FALSE,TRUE,FALSE,FALSE,FALSE,TRUE,2
"IK_JRJGKUTZNBZHNK-UHFFFAOYSA-N",31.429672252039,FALSE,"up",1,FALSE,TRUE,FALSE,FALSE,TRUE,TRUE,3
"IK_GDFAOVXKHJXLEI-VKHMYHEASA-N",31.4111133123571,FALSE,"up",1,FALSE,TRUE,TRUE,TRUE,FALSE,TRUE,4
"IK_SIKJAQJRHWYJAI-UHFFFAOYSA-N",31.4093256459418,FALSE,NA,1,FALSE,TRUE,FALSE,TRUE,TRUE,TRUE,4
"IK_RGKQMGOWKQNPHC-ZXKRFNDTSA-N",31.4084517589919,FALSE,"up",1,FALSE,TRUE,TRUE,FALSE,FALSE,TRUE,3
"IK_VYZAGTDAHUIRQA-WHFBIAKZSA-N",31.4026689525272,FALSE,"up",1,FALSE,TRUE,FALSE,FALSE,FALSE,TRUE,2
"IK_IGFHQQFPSIBGKE-UHFFFAOYSA-N",31.3978415124683,FALSE,"up",1,FALSE,TRUE,FALSE,FALSE,TRUE,TRUE,3
"IK_RDHQFKQIGNGIED-UHFFFAOYSA-N",31.3957194631636,FALSE,"up",1,FALSE,TRUE,FALSE,FALSE,FALSE,TRUE,2
"IK_VMFFESMCXOCOIZ-UHFFFAOYSA-N",31.3851092166401,FALSE,"up",1,FALSE,TRUE,FALSE,FALSE,FALSE,TRUE,2
"IK_QBMSTEZXAMABFF-UEARNRKISA-N",31.3660107728977,FALSE,"up",1,FALSE,TRUE,FALSE,FALSE,TRUE,TRUE,3
"IK_VWYVABSAUVXYNS-UHFFFAOYSA-N",31.3554005263742,FALSE,"down",1,FALSE,TRUE,FALSE,TRUE,FALSE,TRUE,3
"IK_KUZTVCXICCCQGY-FIFLTTCUSA-N",31.3532784770695,FALSE,"down",1,FALSE,TRUE,FALSE,FALSE,FALSE,TRUE,2
"IK_KBUNOSOGGAARKZ-KRWDZBQOSA-N",31.3447902798506,FALSE,"down",1,FALSE,TRUE,FALSE,FALSE,TRUE,TRUE,3
"IK_UYHSBQDAYWOYNS-LDQQKAIHSA-N",31.3320579840224,FALSE,"up",1,FALSE,TRUE,FALSE,FALSE,FALSE,TRUE,2
"IK_SQVRNKJHWKZAKO-LUWBGTNYSA-N",31.3282619714794,FALSE,NA,1,FALSE,TRUE,FALSE,TRUE,TRUE,TRUE,4
"IK_NBSCHQHZLSJFNQ-QTVWNMPRSA-N",31.31295954028,FALSE,"down",1,FALSE,TRUE,FALSE,FALSE,TRUE,TRUE,3
"IK_WYIMORDZGCUBAA-AREMUKBSSA-N",31.3024305824692,FALSE,"up",1,FALSE,TRUE,TRUE,FALSE,FALSE,TRUE,3
"IK_QSBYPNXLFMSGKH-HJWRWDBZSA-N",31.3002272444518,FALSE,"up",1,FALSE,TRUE,FALSE,FALSE,FALSE,TRUE,2
"IK_QZZGJDVWLFXDLK-UHFFFAOYSA-N",31.2897718816422,FALSE,"up",1,FALSE,TRUE,FALSE,FALSE,TRUE,TRUE,3
"IK_KISYRRMFQYIIFQ-UHFFFAOYSA-N",31.2896169979282,FALSE,"down",1,FALSE,TRUE,FALSE,FALSE,FALSE,TRUE,2
"IK_USFJGINJGUIFSY-XZULNKEGSA-N",31.2790067514047,FALSE,"down",1,FALSE,TRUE,FALSE,FALSE,FALSE,TRUE,2
"UNKNOWN_ROW__24167579__unknown_167",31.2709210118126,FALSE,"down",1,FALSE,FALSE,FALSE,FALSE,FALSE,FALSE,0
"IK_MBDKGXAMSZIDKF-VJIACCKLSA-N",31.2683965048811,FALSE,"down",1,FALSE,TRUE,FALSE,FALSE,FALSE,TRUE,2
"IK_OXBFEJBBKCRANO-SANMLTNESA-N",31.2492980611387,FALSE,"up",1,FALSE,TRUE,TRUE,FALSE,FALSE,TRUE,3
"IK_JNBVGGPMMKHWRO-VIFPVBQESA-N",31.2365657653105,FALSE,"up",1,FALSE,TRUE,FALSE,FALSE,FALSE,TRUE,2
"IK_HRWWBCRSPUEXDM-XTMWUNHTSA-N",31.2280775680917,FALSE,"up",1,FALSE,TRUE,FALSE,FALSE,TRUE,TRUE,3
"IK_DQNLLSNNESIVOE-UHFFFAOYSA-N",31.2047350257399,FALSE,"down",1,FALSE,TRUE,FALSE,FALSE,FALSE,TRUE,2
"IK_QIBZFHLFHCIUOT-NPBIGWJUSA-N",31.2033322407146,FALSE,"up",1,FALSE,TRUE,FALSE,FALSE,FALSE,TRUE,2
"IK_MTJZYEYMGZZYQD-OPMFDOCVSA-N",31.1941247792163,FALSE,"up",1,FALSE,TRUE,FALSE,FALSE,FALSE,TRUE,2
"IK_PNKLMTPXERFKEN-MLXHEQMXSA-N",31.1856365819975,FALSE,"up",1,FALSE,TRUE,FALSE,FALSE,TRUE,TRUE,3
"IK_PLOUQIGEQKCKHG-UHFFFAOYSA-N",31.1516837931221,FALSE,"up",1,FALSE,TRUE,FALSE,FALSE,FALSE,TRUE,2
"IK_TVZCRIROJQEVOT-LSDHHAIUSA-N",31.1431955959033,FALSE,"down",1,FALSE,TRUE,FALSE,FALSE,TRUE,TRUE,3
"IK_MMOXZBCLCQITDF-UHFFFAOYSA-N",31.1240971521609,FALSE,"up",1,FALSE,TRUE,TRUE,FALSE,TRUE,TRUE,4
"IK_WLRVSRJKZYZCJY-UHFFFAOYSA-N",31.1198530535515,FALSE,"down",1,FALSE,TRUE,FALSE,FALSE,FALSE,TRUE,2
"IK_YMGXOQLWSYJFSD-FALRGZJFSA-N",31.1113648563327,FALSE,"up",1,FALSE,TRUE,TRUE,FALSE,FALSE,TRUE,3
"IK_KEQHJBNSCLWCAE-UHFFFAOYSA-N",31.0774120674573,FALSE,"up",1,FALSE,TRUE,FALSE,FALSE,FALSE,TRUE,2
"IK_IQBBLPBSHOILKP-UHFFFAOYSA-N",31.0561915744103,FALSE,"up",1,FALSE,TRUE,FALSE,FALSE,FALSE,TRUE,2
"IK_FYVQCLGZFXHEGL-UHFFFAOYSA-N",31.0477033771914,FALSE,"up",1,FALSE,TRUE,FALSE,TRUE,FALSE,TRUE,3
"IK_VGSSUFQMXBFFTM-METNKUIYSA-N",31.0264828841443,FALSE,"down",1,FALSE,TRUE,FALSE,TRUE,FALSE,TRUE,3
"IK_IBRQTOKMQLIMRF-KACBBQTFSA-N",31.0031403417925,FALSE,"up",1,FALSE,TRUE,FALSE,FALSE,FALSE,TRUE,2
"IK_KWABLUYIOFEZOY-UHFFFAOYSA-N",31.0031403417925,FALSE,"up",1,FALSE,TRUE,FALSE,FALSE,FALSE,TRUE,2
"IK_ZXZKYYHTWHJHFT-UHFFFAOYSA-N",31.0031403417925,FALSE,"down",1,FALSE,TRUE,FALSE,FALSE,FALSE,TRUE,2
"IK_WXNXCEHXYPACJF-UHFFFAOYSA-N",30.9872249720072,FALSE,"down",1,TRUE,TRUE,FALSE,FALSE,FALSE,TRUE,2
"IK_QQQYTWIFVNKMRW-UHFFFAOYSA-N",30.9840418980502,FALSE,"up",1,FALSE,TRUE,FALSE,FALSE,TRUE,TRUE,3
"IK_LULOGYYPGZOKQW-DUXPYHPUSA-N",30.9819198487455,FALSE,"up",1,FALSE,TRUE,FALSE,FALSE,FALSE,TRUE,2
"IK_FQJISUPNMFRIFZ-HXUWFJFHSA-N",30.9713096022219,FALSE,"up",1,FALSE,TRUE,FALSE,FALSE,FALSE,TRUE,2
"IK_ZBSGKPYXQINNGF-UHFFFAOYSA-N",30.9710534928231,FALSE,"up",1,FALSE,TRUE,FALSE,FALSE,TRUE,TRUE,3
"IK_GXBZQGMJJGJFFX-XDVLZLKUSA-N",30.9689357843556,FALSE,"up",1,FALSE,TRUE,TRUE,FALSE,FALSE,TRUE,3
"IK_QNKGXSIDHDDDHD-UHFFFAOYSA-N",30.9522111584795,FALSE,"up",1,FALSE,TRUE,FALSE,TRUE,FALSE,TRUE,3
"IK_SBJVDTBACUMFFD-KQYNXXCUSA-N",30.9288686161278,FALSE,"down",1,FALSE,TRUE,FALSE,FALSE,FALSE,TRUE,2
"IK_WOMAZEJKVZLLFE-UHFFFAOYSA-N",30.9220146435901,FALSE,"up",1,FALSE,TRUE,FALSE,FALSE,FALSE,TRUE,2
"IK_VRCGDJCVKWWRME-UHFFFAOYSA-N",30.8970378765571,FALSE,"down",1,FALSE,TRUE,FALSE,FALSE,FALSE,TRUE,2
"UNKNOWN_ROW__24167579__unknown_144",30.8960866130757,FALSE,"up",1,FALSE,FALSE,FALSE,FALSE,FALSE,FALSE,0
"UNKNOWN_ROW__24167579__unknown_145",30.8960866130757,FALSE,"up",1,FALSE,FALSE,FALSE,FALSE,FALSE,FALSE,0
"UNKNOWN_ROW__24167579__unknown_164",30.8960866130757,FALSE,"up",1,FALSE,FALSE,FALSE,FALSE,FALSE,FALSE,0
"IK_WSWCOQWTEOXDQX-MQQKCMAXSA-N",30.890671728643,FALSE,"down",1,FALSE,TRUE,FALSE,TRUE,TRUE,TRUE,4
"IK_GRSZFWQUAKGDAV-KQYNXXCUSA-N",30.8482307425488,FALSE,"up",1,FALSE,TRUE,FALSE,TRUE,TRUE,TRUE,4
"IK_HMKKIXGYKWDQSV-UHFFFAOYSA-N",30.8461086932441,FALSE,"up",1,FALSE,TRUE,FALSE,FALSE,TRUE,TRUE,3
"IK_NCVXEYAKRVJMTQ-UHFFFAOYSA-N",30.8461086932441,FALSE,"up",1,FALSE,TRUE,FALSE,FALSE,TRUE,TRUE,3
"IK_GIRXTOSJOKKBHO-BQTUIHPCSA-N",30.8333763974159,FALSE,"up",1,FALSE,TRUE,FALSE,FALSE,FALSE,TRUE,2
"IK_ZFOZVQLOBQUTQQ-UHFFFAOYSA-N",30.8333763974159,FALSE,"up",1,FALSE,TRUE,FALSE,FALSE,FALSE,TRUE,2
"IK_BDJRBEYXGGNYIS-UHFFFAOYSA-N",30.8142779536735,FALSE,"up",1,FALSE,TRUE,FALSE,FALSE,TRUE,TRUE,3
"IK_JXVXYRZQIUPYSA-NHCYSSNCSA-N",30.8121559043688,FALSE,"up",1,FALSE,TRUE,FALSE,FALSE,FALSE,TRUE,2
"IK_DXIHLEIENMRHAA-UHFFFAOYSA-N",30.8015456578452,FALSE,"up",1,FALSE,TRUE,FALSE,FALSE,FALSE,TRUE,2
"IK_YJBKIVNOGNRKDV-UHFFFAOYSA-N",30.7909354113217,FALSE,"up",1,FALSE,TRUE,FALSE,FALSE,FALSE,TRUE,2
"IK_GUAHPAJOXVYFON-ZETCQYMHSA-N",30.7824472141029,FALSE,"down",1,FALSE,TRUE,FALSE,FALSE,TRUE,TRUE,3
"IK_MUFCQFFNARPCRX-DAZBTBHLSA-N",30.7718369675793,FALSE,"up",1,FALSE,TRUE,TRUE,FALSE,FALSE,TRUE,3
"IK_JBCLFWXMTIKCCB-VIFPVBQESA-N",30.7591046717511,FALSE,"down",1,FALSE,TRUE,FALSE,FALSE,FALSE,TRUE,2
"IK_BDHRPSJHSJIYMM-XGRKIXBHSA-N",30.7506164745322,FALSE,"up",1,FALSE,TRUE,TRUE,FALSE,FALSE,TRUE,3
"IK_UZUFPBIDKMEQEQ-UHFFFAOYSA-N",30.7484944252275,FALSE,"down",1,FALSE,TRUE,FALSE,FALSE,FALSE,TRUE,2
"IK_NNULBSISHYWZJU-LLKWHZGFSA-N",30.7293959814851,FALSE,"up",1,TRUE,TRUE,FALSE,FALSE,TRUE,TRUE,3
"IK_LCPYQJIKPJDLLB-UHFFFAOYSA-N",30.7187857349616,FALSE,"down",1,FALSE,TRUE,FALSE,FALSE,TRUE,TRUE,3
"IK_OWTJVZIKRRJXGS-MAEXYVIMSA-N",30.7166636856569,FALSE,"up",1,FALSE,TRUE,FALSE,FALSE,FALSE,TRUE,2
"IK_WDEABJKSGGRCQA-UHFFFAOYSA-N",30.7081754884381,FALSE,"up",1,FALSE,TRUE,FALSE,FALSE,TRUE,TRUE,3
"IK_VZJHQHUOVIDRCF-UHFFFAOYSA-N",30.6848329460863,FALSE,"up",1,FALSE,TRUE,FALSE,FALSE,FALSE,TRUE,2
"IK_YBOSYVPZRIDFAY-QSNZGGCFSA-N",30.6763447488674,FALSE,"up",1,FALSE,TRUE,TRUE,FALSE,FALSE,TRUE,3
"IK_CYHOMWAPJJPNMW-DHBOJHSNSA-N",30.6466360586015,FALSE,"down",1,FALSE,TRUE,FALSE,TRUE,TRUE,TRUE,4
"IK_SNFUTDLOCQQRQD-ZKWXMUAHSA-N",30.6423919599921,FALSE,"up",1,FALSE,TRUE,FALSE,FALSE,FALSE,TRUE,2
"IK_XUFQPHANEAPEMJ-UHFFFAOYSA-N",30.6333354261692,FALSE,"up",1,TRUE,TRUE,FALSE,FALSE,TRUE,TRUE,3
"IK_HHTOWVWIVBSOKC-UHFFFAOYSA-N",30.6317817134685,FALSE,"up",1,FALSE,TRUE,FALSE,FALSE,FALSE,TRUE,2
"IK_HWXBTNAVRSUOJR-UHFFFAOYSA-N",30.6254406205063,FALSE,"up",1,FALSE,TRUE,FALSE,FALSE,TRUE,TRUE,3
"IK_XLBVNMSMFQMKEY-BYPYZUCNSA-N",30.6254155655544,FALSE,"down",1,FALSE,TRUE,FALSE,TRUE,TRUE,TRUE,4
"IK_FKENQMMABCRJMK-RITPCOANSA-N",30.5914627766791,FALSE,"up",1,TRUE,TRUE,FALSE,FALSE,TRUE,TRUE,3
"IK_UTBVIMLZIRIFFR-UHFFFAOYSA-N",30.5914627766791,FALSE,"up",1,FALSE,TRUE,FALSE,FALSE,TRUE,TRUE,3
"IK_VLTXBOGHSBHSAC-UHFFFAOYSA-N",30.5893407273744,FALSE,"up",1,FALSE,TRUE,FALSE,FALSE,FALSE,TRUE,2
"IK_LOJUQFSPYHMHEO-SGHXUWJISA-N",30.5808525301555,FALSE,"down",1,FALSE,TRUE,FALSE,TRUE,FALSE,TRUE,3
"IK_AOPMSFXOYJXDNJ-IRFSQMTFSA-N",30.570242283632,FALSE,"up",1,FALSE,TRUE,FALSE,FALSE,TRUE,TRUE,3
"IK_DPRVTGUHOBXEIW-UHFFFAOYSA-N",30.5506081769583,FALSE,"down",1,FALSE,TRUE,FALSE,FALSE,FALSE,TRUE,2
"IK_RZHVUADUVVHWMD-SOFGYWHQSA-N",30.5468997412802,FALSE,"down",1,FALSE,TRUE,FALSE,FALSE,FALSE,TRUE,2
"IK_UZTFMUBKZQVKLK-UHFFFAOYSA-N",30.5468997412802,FALSE,"up",1,FALSE,TRUE,FALSE,FALSE,FALSE,TRUE,2
"IK_YQEZLKZALYSWHR-UHFFFAOYSA-N",30.5171910510143,FALSE,"up",1,TRUE,TRUE,FALSE,FALSE,TRUE,TRUE,3
"IK_WRDTXMBPHMBGIB-STECZYCISA-N",30.5150690017096,FALSE,"down",1,FALSE,TRUE,FALSE,FALSE,FALSE,TRUE,2
"IK_NWIUTZDMDHAVTP-UHFFFAOYSA-N",30.5087028537954,FALSE,"up",1,TRUE,TRUE,FALSE,TRUE,TRUE,TRUE,4
"NO_INCHIKEY__fahfa 38 4",30.5022445244965,FALSE,"down",1,FALSE,FALSE,FALSE,FALSE,FALSE,FALSE,0
"IK_JIJYZALGIIQXKE-UHFFFAOYSA-N",30.4959705579672,FALSE,"up",1,FALSE,TRUE,FALSE,FALSE,TRUE,TRUE,3
"IK_UCYPOAPUDLUXQX-VXOKBQSKSA-N",30.4959705579672,FALSE,"up",1,FALSE,TRUE,TRUE,FALSE,FALSE,TRUE,3
"IK_DWHIUNMOTRUVPG-UHFFFAOYSA-N",30.4853603114437,FALSE,"down",1,FALSE,TRUE,FALSE,TRUE,FALSE,TRUE,3
"IK_BCPDBSZPXWSVHR-BAIOGQDRSA-N",30.4832382621389,FALSE,"down",1,FALSE,TRUE,FALSE,FALSE,FALSE,TRUE,2
"IK_AYSGOPOJGPEGSU-UHFFFAOYSA-N",30.4620177690919,FALSE,"up",1,FALSE,TRUE,FALSE,FALSE,FALSE,TRUE,2
"IK_JQNFSWJEERESHM-SRQIZXRXSA-N",30.4514075225683,FALSE,"up",1,FALSE,TRUE,FALSE,FALSE,FALSE,TRUE,2
"IK_MIKWCKCBCDZUNB-JRQMLGJJSA-N",30.4423533254228,FALSE,"down",1,FALSE,TRUE,FALSE,FALSE,FALSE,TRUE,2
"IK_LFTRJWKKLPVMNE-RCBQFDQVSA-N",30.4089665364741,FALSE,"up",1,FALSE,TRUE,FALSE,FALSE,FALSE,TRUE,2
"IK_FOCVUCIESVLUNU-UHFFFAOYSA-N",30.3898680927318,FALSE,"up",1,TRUE,TRUE,FALSE,FALSE,TRUE,TRUE,3
"IK_POUITAHNNRJWMA-UHFFFAOYSA-N",30.3877460434271,FALSE,"up",1,FALSE,TRUE,FALSE,FALSE,FALSE,TRUE,2
"IK_YQGDEPYYFWUPGO-UHFFFAOYSA-N",30.3877460434271,FALSE,"up",1,FALSE,TRUE,FALSE,FALSE,FALSE,TRUE,2
"IK_UVOGHPPAYFAQIT-HWJOWLPRSA-N",30.3820561495926,FALSE,"up",1,FALSE,TRUE,TRUE,FALSE,FALSE,TRUE,3
"IK_RUDATBOHQWOJDD-BSWAIDMHSA-N",30.3813798955129,FALSE,"up",1,FALSE,TRUE,FALSE,TRUE,TRUE,TRUE,4
"IK_DBFYXFUOCIHCAH-YHTHSIKYSA-N",30.3686475996847,FALSE,"up",1,FALSE,TRUE,TRUE,FALSE,FALSE,TRUE,3
"IK_FQTLNSKVFLETSS-QBCIWLIXSA-N",30.3686475996847,FALSE,"down",1,FALSE,TRUE,FALSE,TRUE,FALSE,TRUE,3
"IK_REDKBACMQCHVMH-LQOXNGKESA-N",30.3686475996847,FALSE,"down",1,FALSE,TRUE,TRUE,FALSE,FALSE,TRUE,3
"IK_VOZHMAYHYHEWBW-NVOOAVKYSA-N",30.3686475996847,FALSE,"up",1,FALSE,TRUE,FALSE,FALSE,TRUE,TRUE,3
"IK_MADRIHWFJGRSBP-ROUUACIJSA-N",30.3580373531611,FALSE,"down",1,TRUE,TRUE,FALSE,FALSE,TRUE,TRUE,3
"IK_HEUQYIQQCNOXOG-UHFFFAOYSA-N",30.3368168601141,FALSE,"up",1,FALSE,TRUE,FALSE,TRUE,FALSE,TRUE,3
"IK_CLVUFWXGNIFGNC-QTSLKERKSA-N",30.3346948108093,FALSE,"up",1,FALSE,TRUE,FALSE,FALSE,FALSE,TRUE,2
"IK_NKFNBVMJTSYZDV-UHFFFAOYSA-N",30.3240845642858,FALSE,"down",1,FALSE,TRUE,FALSE,FALSE,FALSE,TRUE,2
"IK_ZEZUHTUTOUOANR-JCGOJSMZSA-N",30.3052385853615,FALSE,"down",1,FALSE,TRUE,TRUE,FALSE,FALSE,TRUE,3
"IK_AJMZUFBKADIAKC-SKTOPKGQSA-N",30.2943758740199,FALSE,"up",1,FALSE,TRUE,TRUE,FALSE,FALSE,TRUE,3
"IK_RZMLVIHXZGQADB-YLUGYNJDSA-N",30.2837656274963,FALSE,"down",1,FALSE,TRUE,FALSE,FALSE,TRUE,TRUE,3
"IK_MINDHVHHQZYEEK-HBBNESRFSA-N",30.2731553809728,FALSE,"down",1,TRUE,TRUE,FALSE,FALSE,TRUE,TRUE,3
"UNKNOWN_ROW__24167579__unknown_133",30.2713626151809,FALSE,"up",1,FALSE,FALSE,FALSE,FALSE,FALSE,FALSE,0
"UNKNOWN_ROW__24167579__unknown_134",30.2713626151809,FALSE,"up",1,FALSE,FALSE,FALSE,FALSE,FALSE,FALSE,0
"UNKNOWN_ROW__24167579__unknown_139",30.2713626151809,FALSE,"up",1,FALSE,FALSE,FALSE,FALSE,FALSE,FALSE,0
"UNKNOWN_ROW__24167579__unknown_159",30.2713626151809,FALSE,"up",1,FALSE,FALSE,FALSE,FALSE,FALSE,FALSE,0
"IK_IWBHCLOBTQKEFG-UHFFFAOYSA-N",30.249812838621,FALSE,"down",1,FALSE,TRUE,FALSE,FALSE,FALSE,TRUE,2
"IK_DUZODDYGMSCYMJ-UHFFFAOYSA-N",30.2285923455739,FALSE,"down",1,FALSE,TRUE,FALSE,FALSE,FALSE,TRUE,2
"IK_FERBTPHUEYEGDN-UHFFFAOYSA-N",30.2073718525268,FALSE,"up",1,FALSE,TRUE,FALSE,FALSE,FALSE,TRUE,2
"IK_VHKNBDIQDAXGBL-UHFFFAOYSA-M",30.1882734087845,FALSE,"up",1,FALSE,TRUE,FALSE,TRUE,FALSE,TRUE,3
"IK_GUARTUJKFNAVIK-QPTWMBCESA-N",30.1776631622609,FALSE,"down",1,FALSE,TRUE,FALSE,FALSE,TRUE,TRUE,3
"IK_SLEHROROQDYRAW-KQYNXXCUSA-N",30.1755411129562,FALSE,"down",1,FALSE,TRUE,FALSE,FALSE,FALSE,TRUE,2
"IK_FTTDBZNMICPROO-UHFFFAOYSA-N",30.1649308664327,FALSE,"down",1,FALSE,TRUE,FALSE,FALSE,FALSE,TRUE,2
"IK_RJYQLMILDVERHH-UHFFFAOYSA-N",30.1458324226903,FALSE,"up",1,FALSE,TRUE,FALSE,TRUE,FALSE,TRUE,3
"IK_GIQXKAXWRLHLDD-VYACWCJYSA-N",30.138410557016,FALSE,NA,2,FALSE,TRUE,FALSE,FALSE,FALSE,TRUE,2
"IK_SIOXPEMLGUPBBT-UHFFFAOYSA-N",30.1373442254714,FALSE,"down",1,FALSE,TRUE,FALSE,TRUE,TRUE,TRUE,4
"IK_CVVKIXNPXDBREE-UHFFFAOYSA-N",30.1224898803385,FALSE,"down",1,FALSE,TRUE,FALSE,FALSE,FALSE,TRUE,2
"IK_QMGGUIASDZZMHS-UHFFFAOYSA-N",30.1224898803385,FALSE,"up",1,FALSE,TRUE,FALSE,FALSE,FALSE,TRUE,2
"IK_ILUZPRRJJSFYEH-OBNQGTFASA-N",30.1033914365961,FALSE,"up",1,FALSE,TRUE,FALSE,TRUE,FALSE,TRUE,3
"IK_NDQCVBYVTMEEQZ-RXQYGXENSA-N",30.0927811900726,FALSE,"up",1,FALSE,TRUE,TRUE,FALSE,FALSE,TRUE,3
"IK_NMGVHLDIHNFGQB-ZGLWHBDZSA-N",30.0906591407679,FALSE,"down",1,FALSE,TRUE,FALSE,FALSE,FALSE,TRUE,2
"IK_UDMBCSSLTHHNCD-KQYNXXCUSA-N",30.082170943549,FALSE,"up",1,FALSE,TRUE,FALSE,FALSE,TRUE,TRUE,3
"IK_CHFOVLMTXSAFKC-UHFFFAOYSA-N",30.0800488942443,FALSE,"down",1,FALSE,TRUE,FALSE,FALSE,FALSE,TRUE,2
"IK_ZILZDFSDUXZZAT-UHFFFAOYSA-N",30.0715606970255,FALSE,"down",1,FALSE,TRUE,TRUE,FALSE,FALSE,TRUE,3
"IK_XZUDOWCTKOXYCZ-UHFFFAOYSA-N",30.0588284011972,FALSE,"up",1,FALSE,TRUE,FALSE,FALSE,FALSE,TRUE,2
"IK_HKVFKEJBSWJQMU-UHFFFAOYSA-N",30.0503402039784,FALSE,"down",1,FALSE,TRUE,FALSE,TRUE,FALSE,TRUE,3
"IK_WKBALTUBRZPIPZ-UHFFFAOYSA-N",30.0482181546737,FALSE,"up",1,FALSE,TRUE,FALSE,FALSE,FALSE,TRUE,2
"IK_OMHUCGDTACNQEX-OSHKXICASA-N",30.0269976616266,FALSE,"down",1,FALSE,TRUE,FALSE,FALSE,FALSE,TRUE,2
"IK_ADFXKUOMJKEIND-UHFFFAOYSA-N",30.0185094644078,FALSE,"up",1,FALSE,TRUE,FALSE,FALSE,TRUE,TRUE,3
"IK_SOJVORMOXWNMMG-WITMPDRSSA-N",29.9972889713607,FALSE,"up",1,FALSE,TRUE,TRUE,FALSE,FALSE,TRUE,3
"IK_OFOBLEOULBTSOW-UHFFFAOYSA-N",29.9863190554635,FALSE,"up",1,FALSE,TRUE,FALSE,FALSE,TRUE,TRUE,3
"IK_CERUVRSAHAFOLZ-LAWPZHMJSA-N",29.9845566755324,FALSE,"up",1,FALSE,TRUE,FALSE,FALSE,FALSE,TRUE,2
"IK_OQZSGNGSHMDCAR-UHFFFAOYSA-N",29.9760684783136,FALSE,"up",1,FALSE,TRUE,FALSE,FALSE,TRUE,TRUE,3
"IK_WKWLFVVHPPHSPJ-QNBJRWHPSA-N",29.9760684783136,FALSE,"up",1,FALSE,TRUE,TRUE,FALSE,FALSE,TRUE,3
"IK_AURFZBICLPNKBZ-FZCSVUEKSA-N",29.9739464290089,FALSE,"up",1,FALSE,TRUE,FALSE,FALSE,FALSE,TRUE,2
"NO_INCHIKEY__cer 43 2 2o cer 19 1 2o 24 1",29.9736575183515,FALSE,"up",1,FALSE,FALSE,FALSE,FALSE,FALSE,FALSE,0
"IK_GMZVRMREEHBGGF-UHFFFAOYSA-N",29.96545823179,FALSE,"down",1,TRUE,TRUE,FALSE,FALSE,TRUE,TRUE,3
"IK_MVKVCCFLYCXSGW-KMCFPEAVSA-N",29.96545823179,FALSE,"up",1,FALSE,TRUE,TRUE,FALSE,FALSE,TRUE,3
"IK_BGKHCLZFGPIKKU-LDDQNKHRSA-N",29.9548479852665,FALSE,"up",1,FALSE,TRUE,FALSE,FALSE,TRUE,TRUE,3
"IK_DQUHYEDEGRNAFO-QMMMGPOBSA-N",29.9446152659312,FALSE,"down",1,FALSE,TRUE,TRUE,FALSE,FALSE,TRUE,3
"IK_VYMDGNCVAMGZFE-UHFFFAOYSA-N",29.944237738743,FALSE,"up",1,TRUE,TRUE,FALSE,FALSE,TRUE,TRUE,3
"IK_NLPBBNGDXNHAJP-AATRIKPKSA-N",29.9421156894383,FALSE,"up",1,FALSE,TRUE,FALSE,FALSE,FALSE,TRUE,2
"IK_KGFGBSRVWKBWIC-UHFFFAOYSA-N",29.9102849498676,FALSE,"down",1,FALSE,TRUE,FALSE,FALSE,FALSE,TRUE,2
"IK_JMTMSDXUXJISAY-UHFFFAOYSA-N",29.8890644568205,FALSE,"up",1,FALSE,TRUE,FALSE,FALSE,FALSE,TRUE,2
"IK_VIHAEDVKXSOUAT-UHFFFAOYSA-N",29.8805762596017,FALSE,"down",1,FALSE,TRUE,FALSE,FALSE,TRUE,TRUE,3
"IK_VQFKFAKEUMHBLV-BYSUZVQFSA-N",29.8755914439479,FALSE,"up",1,FALSE,TRUE,TRUE,FALSE,FALSE,TRUE,3
"IK_SZBGXBOFCGNPEU-UHFFFAOYSA-N",29.8593557665546,FALSE,"down",1,FALSE,TRUE,FALSE,FALSE,TRUE,TRUE,3
"IK_CLCDCPXFUKRPLP-GYXKVCTLSA-N",29.8487455200311,FALSE,"down",1,FALSE,TRUE,TRUE,FALSE,FALSE,TRUE,3
"IK_WVBBZEILYLXGFN-RBUKOAKNSA-N",29.8360132242028,FALSE,"down",1,FALSE,TRUE,FALSE,FALSE,FALSE,TRUE,2
"IK_XDSSPSLGNGIIHP-VKHMYHEASA-N",29.827525026984,FALSE,"up",1,FALSE,TRUE,FALSE,FALSE,TRUE,TRUE,3
"IK_UYEMZAOCHUCHMG-GVTGRELXSA-N",29.8254029776793,FALSE,"down",1,FALSE,TRUE,FALSE,FALSE,FALSE,TRUE,2
"IK_IVUWYMCIIBQTQB-VAFBSOEGSA-N",29.8215613366966,FALSE,"up",1,FALSE,TRUE,FALSE,FALSE,FALSE,TRUE,2
"IK_SSYFPKXWJHNROG-ZFDJEVKPSA-N",29.8169147804604,FALSE,"down",1,FALSE,TRUE,TRUE,FALSE,FALSE,TRUE,3
"NO_INCHIKEY__dg 36 4 isomer a",29.8166715356852,FALSE,"up",1,FALSE,FALSE,FALSE,FALSE,FALSE,FALSE,0
"IK_BRMSNMZILBBMIX-UHFFFAOYSA-N",29.8147927311557,FALSE,"up",1,FALSE,TRUE,FALSE,FALSE,FALSE,TRUE,2
"IK_MYWAIWDQTCHPTH-LJAIZBFVSA-N",29.7935722381087,FALSE,"up",1,FALSE,TRUE,FALSE,FALSE,FALSE,TRUE,2
"IK_CZKBLHCEDVWPRN-UHFFFAOYSA-N",29.7829619915851,FALSE,"down",1,FALSE,TRUE,FALSE,FALSE,FALSE,TRUE,2
"IK_YUVPOZFUVRRVLD-FCQUAONHSA-N",29.7747808643253,FALSE,"down",1,FALSE,TRUE,TRUE,FALSE,FALSE,TRUE,3
"UNKNOWN_ROW__24167579__unknown_106",29.771583416865,FALSE,"down",1,FALSE,FALSE,FALSE,FALSE,FALSE,FALSE,0
"UNKNOWN_ROW__24167579__unknown_115",29.771583416865,FALSE,"down",1,FALSE,FALSE,FALSE,FALSE,FALSE,FALSE,0
"UNKNOWN_ROW__24167579__unknown_151",29.771583416865,FALSE,"down",1,FALSE,FALSE,FALSE,FALSE,FALSE,FALSE,0
"UNKNOWN_ROW__24167579__unknown_161",29.771583416865,FALSE,"down",1,FALSE,FALSE,FALSE,FALSE,FALSE,FALSE,0
"IK_NFZKLQHAALLDRG-UINNZVLTSA-N",29.7638635478427,FALSE,"down",1,FALSE,TRUE,TRUE,FALSE,FALSE,TRUE,3
"IK_MTKNDAQYHASLID-RNFKDHMMSA-N",29.7426430547956,FALSE,"up",1,FALSE,TRUE,FALSE,FALSE,TRUE,TRUE,3
"IK_ARBHXJXXVVHMET-UHFFFAOYSA-N",29.7216054970334,FALSE,"up",1,FALSE,TRUE,FALSE,FALSE,TRUE,TRUE,3
"IK_IJJKRFDBPRPLQQ-UHFFFAOYSA-N",29.6980800193968,FALSE,"up",1,FALSE,TRUE,FALSE,FALSE,FALSE,TRUE,2
"IK_LJJHXRRUVASJDX-KRXBUXKQSA-N",29.6895918221779,FALSE,"down",1,FALSE,TRUE,FALSE,FALSE,TRUE,TRUE,3
"IK_DHNSTMIMQCKEPC-UHFFFAOYSA-N",29.6789815756544,FALSE,"up",1,FALSE,TRUE,FALSE,TRUE,FALSE,TRUE,3
"IK_ASJJOPLGTKDUEX-UWDAMKIQSA-N",29.66416458819,FALSE,"up",1,FALSE,TRUE,FALSE,FALSE,FALSE,TRUE,2
"IK_NESRXFGQJARQNM-OWYFMNJBSA-N",29.659883131912,FALSE,"down",1,FALSE,TRUE,FALSE,TRUE,TRUE,TRUE,4
"IK_OVBKVWSHXDCSTK-UHFFFAOYSA-N",29.6556390333026,FALSE,"down",1,FALSE,TRUE,FALSE,FALSE,FALSE,TRUE,2
"IK_BZUIJMCJNWUGKQ-BDAKNGLRSA-N",29.6471508360838,FALSE,"down",1,FALSE,TRUE,FALSE,FALSE,TRUE,TRUE,3
"IK_IMWZZHHPURKASS-UHFFFAOYSA-N",29.6471508360838,FALSE,"down",1,TRUE,TRUE,FALSE,FALSE,TRUE,TRUE,3
"IK_JFCQEDHGNNZCLN-UHFFFAOYSA-N",29.6259303430367,FALSE,"down",1,FALSE,TRUE,FALSE,FALSE,TRUE,TRUE,3
"IK_VEBVPUXQAPLADL-POYOOMFHSA-N",29.6153200965131,FALSE,"down",1,FALSE,TRUE,FALSE,FALSE,TRUE,TRUE,3
"IK_BPEXTIMJLDWDTL-UHFFFAOYSA-N",29.5849531584256,FALSE,"up",1,FALSE,TRUE,TRUE,FALSE,FALSE,TRUE,3
"IK_JPMYFOBNRRGFNO-UHFFFAOYSA-N",29.572879110419,FALSE,"up",1,FALSE,TRUE,FALSE,FALSE,TRUE,TRUE,3
"IK_WMUMHAZHWIUBPN-UONOGXRCSA-N",29.5495365680672,FALSE,"down",1,FALSE,TRUE,FALSE,FALSE,FALSE,TRUE,2
"NO_INCHIKEY__pe 18 3 0 0",29.5346822229342,FALSE,"up",1,FALSE,FALSE,FALSE,FALSE,FALSE,FALSE,0
"IK_XMZFUVYOYPLVOA-VLHUWQDUSA-N",29.5304381243248,FALSE,"down",1,FALSE,TRUE,TRUE,FALSE,FALSE,TRUE,3
"NO_INCHIKEY__ps 22 6",29.5216938177071,FALSE,"up",1,FALSE,FALSE,FALSE,FALSE,FALSE,FALSE,0
"IK_UFBJCMHMOXMLKC-UHFFFAOYSA-N",29.507095581973,FALSE,"up",1,FALSE,TRUE,FALSE,FALSE,FALSE,TRUE,2
"IK_GVJHHUAWPYXKBD-IEOSBIPESA-N",29.4950106910174,FALSE,"up",1,FALSE,TRUE,TRUE,FALSE,FALSE,TRUE,3
"IK_GFZHNFOGCMEYTA-UHFFFAOYSA-N",29.4646545958788,FALSE,"down",1,FALSE,TRUE,FALSE,FALSE,FALSE,TRUE,2
"IK_FYYSIASRLDJUNP-WHFBIAKZSA-N",29.4434341028317,FALSE,"down",1,FALSE,TRUE,FALSE,FALSE,FALSE,TRUE,2
"IK_CXTATJFJDMJMIY-UHFFFAOYSA-N",29.4370679549176,FALSE,"up",1,FALSE,TRUE,FALSE,TRUE,TRUE,TRUE,4
"IK_IUBSYMUCCVWXPE-UHFFFAOYSA-N",29.4370679549176,FALSE,"up",1,TRUE,TRUE,TRUE,FALSE,TRUE,TRUE,4
"IK_AYHSDYHVIFMJHB-NFPJMEHBSA-N",29.4243356590894,FALSE,"down",1,FALSE,TRUE,TRUE,FALSE,FALSE,TRUE,3
"IK_IJVRPNIWWODHHA-UHFFFAOYSA-N",29.4222136097846,FALSE,"up",1,FALSE,TRUE,FALSE,FALSE,FALSE,TRUE,2
"IK_YHEDRJPUIRMZMP-ZWKOTPCHSA-N",29.4158474618705,FALSE,"down",1,FALSE,TRUE,FALSE,TRUE,TRUE,TRUE,4
"IK_BWCRCHWTIDPBOB-NKYRGGHJSA-N",29.4137254125658,FALSE,"down",1,FALSE,TRUE,TRUE,FALSE,FALSE,TRUE,3
"IK_QVVXWHIDRKRPMO-LXCOYWBSSA-N",29.4116033632611,FALSE,"up",1,FALSE,TRUE,FALSE,FALSE,FALSE,TRUE,2
"IK_AERBNCYCJBRYDG-RGBJRUIASA-N",29.3818946729952,FALSE,"down",1,FALSE,TRUE,FALSE,FALSE,TRUE,TRUE,3
"IK_SZXDNGVQRDTJSD-FOWTUZBSSA-N",29.3818946729952,FALSE,"up",1,FALSE,TRUE,FALSE,FALSE,TRUE,TRUE,3
"IK_ANKFOZDLPDQNEO-UHFFFAOYSA-N",29.3797726236905,FALSE,"down",1,FALSE,TRUE,FALSE,FALSE,FALSE,TRUE,2
"IK_VKENMLSUUVOQLD-VQVTYTSYSA-N",29.3797726236905,FALSE,"down",1,FALSE,TRUE,FALSE,FALSE,FALSE,TRUE,2
"IK_FERWCFYKULABCE-UHFFFAOYSA-N",29.3712844264716,FALSE,"down",1,TRUE,TRUE,FALSE,TRUE,FALSE,TRUE,3
"IK_RBLDVEUUCHVWMW-SXYQVCRBSA-N",29.3691623771669,FALSE,"up",1,FALSE,TRUE,FALSE,FALSE,FALSE,TRUE,2
"NO_INCHIKEY__5 isoprostaglandin f2 alpha vi",29.3508251138055,FALSE,NA,1,FALSE,FALSE,FALSE,FALSE,FALSE,FALSE,0
"IK_MZOYMQRKTJRHGJ-UHFFFAOYSA-N",29.3467710982966,FALSE,"down",1,FALSE,TRUE,FALSE,FALSE,TRUE,TRUE,3
"IK_RDFIICFCNKXLHC-UHFFFAOYSA-N",29.3267213910728,FALSE,"up",1,FALSE,TRUE,FALSE,FALSE,FALSE,TRUE,2
"IK_OOOXLVUNFHBSNL-UFBFGSQYSA-N",29.3217821383808,FALSE,"up",1,FALSE,TRUE,FALSE,FALSE,FALSE,TRUE,2
"IK_OVRNDRQMDRJTHS-OZRXBMAMSA-N",29.3204591999728,FALSE,"up",1,FALSE,TRUE,FALSE,FALSE,TRUE,TRUE,3
"IK_DSDNAKHZNJAGHN-MXTYGGKSSA-N",29.3182331938539,FALSE,"down",1,FALSE,TRUE,FALSE,FALSE,TRUE,TRUE,3
"IK_QBMYYTXUDRARHD-SFYZADRCSA-N",29.3182331938539,FALSE,"down",1,FALSE,TRUE,FALSE,FALSE,TRUE,TRUE,3
"IK_AXCLECQLCBWNLZ-DZELQHPSSA-N",29.3133532682562,FALSE,"down",1,FALSE,TRUE,FALSE,FALSE,FALSE,TRUE,2
"IK_FZERHIULMFGESH-UHFFFAOYSA-N",29.2970127008068,FALSE,"up",1,FALSE,TRUE,FALSE,FALSE,TRUE,TRUE,3
"IK_UTAIYTHAJQNQDW-KQYNXXCUSA-N",29.2948906515021,FALSE,"down",1,FALSE,TRUE,FALSE,FALSE,FALSE,TRUE,2
"IK_AOMXURITGZJPKB-ZETCQYMHSA-N",29.2842804049786,FALSE,"up",1,FALSE,TRUE,FALSE,FALSE,FALSE,TRUE,2
"IK_GYSZYWSJZCKCBD-LXGUAGHKSA-N",29.2630599119315,FALSE,"up",1,FALSE,TRUE,FALSE,FALSE,FALSE,TRUE,2
"IK_MSCFBKZUOGKJNH-DOWYPDBQSA-N",29.2545717147127,FALSE,"down",1,FALSE,TRUE,TRUE,FALSE,FALSE,TRUE,3
"IK_UPEZCKBFRMILAV-JMZLNJERSA-N",29.2545717147127,FALSE,"down",1,FALSE,TRUE,FALSE,FALSE,TRUE,TRUE,3
"IK_KKUOJZVNLJCTPF-UHFFFAOYSA-N",29.2418394188844,FALSE,"up",1,FALSE,TRUE,FALSE,FALSE,FALSE,TRUE,2
"IK_ILVGMCVCQBJPSH-WDSKDSINSA-N",29.2281503381285,FALSE,"down",1,FALSE,TRUE,FALSE,FALSE,FALSE,TRUE,2
"IK_CIMMACURCPXICP-PNQRDDRVSA-N",29.222740975142,FALSE,"up",1,FALSE,TRUE,FALSE,FALSE,TRUE,TRUE,3
"IK_VCCAAURNBULZRR-JGVFFNPUSA-N",29.2218262987176,FALSE,"up",1,FALSE,TRUE,FALSE,FALSE,TRUE,TRUE,3
"IK_HDAGCVMZABLHLE-UHFFFAOYSA-N",29.2121307286185,FALSE,"down",1,FALSE,TRUE,FALSE,TRUE,FALSE,TRUE,3
"IK_ILNUTMKQMUMBTE-OFSUYRCTSA-N",29.2100086793138,FALSE,"down",1,FALSE,TRUE,FALSE,FALSE,FALSE,TRUE,2
"IK_ROWKJAVDOGWPAT-GSVOUGTGSA-N",29.1802999890479,FALSE,"down",1,FALSE,TRUE,FALSE,FALSE,TRUE,TRUE,3
"IK_FIMSWIYKMHXCEM-CDSYOESZSA-N",29.1675676932196,FALSE,"up",1,FALSE,TRUE,FALSE,FALSE,FALSE,TRUE,2
"IK_YEJRWHAVMIAJKC-UHFFFAOYSA-N",29.1590794960008,FALSE,"up",1,FALSE,TRUE,FALSE,FALSE,TRUE,TRUE,3
"UNKNOWN_ROW__24167579__unknown_131",29.1468594189702,FALSE,"up",1,FALSE,FALSE,FALSE,FALSE,FALSE,FALSE,0
"UNKNOWN_ROW__24167579__unknown_138",29.1468594189702,FALSE,"up",1,FALSE,FALSE,FALSE,FALSE,FALSE,FALSE,0
"UNKNOWN_ROW__24167579__unknown_147",29.1468594189702,FALSE,"up",1,FALSE,FALSE,FALSE,FALSE,FALSE,FALSE,0
"IK_ILGMGHZPXRDCCS-UHFFFAOYSA-N",29.1463472001725,FALSE,"up",1,FALSE,TRUE,FALSE,FALSE,FALSE,TRUE,2
"IK_CNWSDOLXOOXOCZ-UHFFFAOYSA-N",29.1251267071254,FALSE,"up",1,FALSE,TRUE,FALSE,FALSE,FALSE,TRUE,2
"IK_YDGMGEXADBMOMJ-LURJTMIESA-N",29.1180948876241,FALSE,"up",1,FALSE,TRUE,TRUE,FALSE,FALSE,TRUE,3
"IK_RDQUQBHPMYFYMX-XIWVQZPPSA-N",29.1166385099066,FALSE,"down",1,FALSE,TRUE,FALSE,TRUE,FALSE,TRUE,3
"IK_JADDQZYHOWSFJD-FLNNQWSLSA-N",29.0932959675548,FALSE,"up",1,FALSE,TRUE,FALSE,FALSE,FALSE,TRUE,2
"NO_INCHIKEY__lpc 17 1 sn1",29.0756777061843,FALSE,"up",1,FALSE,FALSE,FALSE,FALSE,FALSE,FALSE,0
"IK_JXUGDUWBMKIJDC-MMWGEVLESA-N",29.0720754745077,FALSE,"up",1,FALSE,TRUE,FALSE,FALSE,FALSE,TRUE,2
"IK_DFVFTMTWCUHJBL-BQBZGAKWSA-N",29.0423667842418,FALSE,"up",1,FALSE,TRUE,FALSE,TRUE,FALSE,TRUE,3
"IK_ZAIPMKNFIOOWCQ-UEKVPHQBSA-N",29.0423667842418,FALSE,"up",1,TRUE,TRUE,FALSE,FALSE,TRUE,TRUE,3
"IK_KHAVLLBUVKBTBG-UHFFFAOYSA-N",29.0296344884136,FALSE,"down",1,FALSE,TRUE,FALSE,FALSE,FALSE,TRUE,2
"IK_HCOOTBJPHHNRCV-AQTSNUJDSA-N",29.0211462911947,FALSE,"up",1,FALSE,TRUE,FALSE,FALSE,TRUE,TRUE,3
"IK_QADHLRWLCPCEKT-LOVVWNRFSA-N",29.0211462911947,FALSE,"down",1,FALSE,TRUE,FALSE,FALSE,TRUE,TRUE,3
"IK_ORTIQSICVORWBJ-UHFFFAOYSA-N",29.01902424189,FALSE,"up",1,FALSE,TRUE,FALSE,FALSE,FALSE,TRUE,2
"IK_BAQAVOSOZGMPRM-QBMZZYIRSA-N",29.0105360446712,FALSE,"up",1,FALSE,TRUE,FALSE,FALSE,TRUE,TRUE,3
"IK_QFAADIRHLBXJJS-ZAZJUGBXSA-N",28.9893155516241,FALSE,"up",1,FALSE,TRUE,FALSE,FALSE,TRUE,TRUE,3
"IK_BHPXBBXWEPCSOK-RMKNXTFCSA-N",28.9871935023194,FALSE,"down",1,FALSE,TRUE,FALSE,FALSE,FALSE,TRUE,2
"IK_RVOLLAQWKVFTGE-UHFFFAOYSA-N",28.9719366995597,FALSE,"down",1,TRUE,TRUE,FALSE,FALSE,TRUE,TRUE,3
"IK_YLKVIMNNMLKUGJ-BQYQJAHWSA-N",28.9553627627488,FALSE,"down",1,FALSE,TRUE,FALSE,FALSE,FALSE,TRUE,2
"IK_IJFXRHURBJZNAO-UHFFFAOYSA-N",28.9468745655299,FALSE,"up",1,FALSE,TRUE,FALSE,FALSE,TRUE,TRUE,3
"IK_NJHKGJJIKOCCMZ-YMIVKDKMSA-N",28.9362643190064,FALSE,"down",1,FALSE,TRUE,FALSE,TRUE,FALSE,TRUE,3
"IK_PMIHTPDPPVPUIV-UHFFFAOYSA-N",28.9341422697017,FALSE,"up",1,FALSE,TRUE,FALSE,FALSE,FALSE,TRUE,2
"IK_ZMITXKRGXGRMKS-LUJOEAJASA-N",28.9256540724828,FALSE,"up",1,FALSE,TRUE,FALSE,FALSE,TRUE,TRUE,3
"IK_KJNZIEGLNLCWTQ-KRWDZBQOSA-N",28.9150438259593,FALSE,"up",1,FALSE,TRUE,FALSE,FALSE,TRUE,TRUE,3
"IK_ODBLHEXUDAPZAU-ZAFYKAAXSA-N",28.9044335794358,FALSE,"up",1,FALSE,TRUE,FALSE,FALSE,TRUE,TRUE,3
"IK_NFJTYOOTXIAZGM-CPRJBALCSA-N",28.8938233329122,FALSE,"down",1,FALSE,TRUE,TRUE,FALSE,FALSE,TRUE,3
"IK_TVWOTZQAXZHSLO-UHFFFAOYSA-N",28.8917012836075,FALSE,"up",1,FALSE,TRUE,FALSE,FALSE,FALSE,TRUE,2
"IK_INDBQLZJXZLFIT-UHFFFAOYSA-N",28.8832130863887,FALSE,"up",1,TRUE,TRUE,FALSE,FALSE,TRUE,TRUE,3
"IK_WJSDHUCWMSHDCR-VMPITWQZSA-N",28.8832130863887,FALSE,"down",1,FALSE,TRUE,FALSE,FALSE,TRUE,TRUE,3
"IK_IUBMRJVNZLQSHU-FDJBSCRHSA-N",28.8726028398651,FALSE,"down",1,FALSE,TRUE,FALSE,FALSE,TRUE,TRUE,3
"IK_XCLJRCAJSCMIND-JCTYMORFSA-N",28.8704807905604,FALSE,"up",1,FALSE,TRUE,FALSE,FALSE,FALSE,TRUE,2
"IK_OOCCDEMITAIZTP-QPJJXVBHSA-N",28.868877635242,FALSE,NA,1,FALSE,TRUE,FALSE,FALSE,TRUE,TRUE,3
"IK_DTTVUTICRKIUMH-NPUXTLKISA-N",28.8619925933416,FALSE,"up",1,FALSE,TRUE,TRUE,FALSE,FALSE,TRUE,3
"IK_KLXACYSQYFWVLM-UHFFFAOYSA-N",28.851382346818,FALSE,"up",1,FALSE,TRUE,FALSE,TRUE,FALSE,TRUE,3
"IK_WHWHBAUZDPEHEM-UHFFFAOYSA-N",28.8469918999807,FALSE,"up",1,FALSE,TRUE,FALSE,FALSE,TRUE,TRUE,3
"IK_QHVMVGMCKWPDHT-UHFFFAOYSA-N",28.8386500509898,FALSE,"down",1,FALSE,TRUE,FALSE,FALSE,FALSE,TRUE,2
"IK_GMQUMWVEWMCMOQ-UHFFFAOYSA-N",28.8280398044662,FALSE,"down",1,FALSE,TRUE,FALSE,FALSE,FALSE,TRUE,2
"IK_LLCPFVIBUZJITJ-GVEMAFOVSA-N",28.8195516072474,FALSE,"up",1,FALSE,TRUE,FALSE,FALSE,TRUE,TRUE,3
"IK_VVPRQWTYSNDTEA-LLVKDONJSA-N",28.8174295579427,FALSE,"up",1,FALSE,TRUE,FALSE,FALSE,FALSE,TRUE,2
"IK_RAJQPCCAHZHKDK-ZTDHXTNCSA-N",28.8089413607239,FALSE,"down",1,FALSE,TRUE,TRUE,FALSE,FALSE,TRUE,3
"IK_SCIFESDRCALIIM-VIFPVBQESA-N",28.8068193114192,FALSE,"down",1,FALSE,TRUE,FALSE,FALSE,FALSE,TRUE,2
"IK_CGUMQVWVXFEJLT-UWXAOETISA-N",28.7983311142003,FALSE,"down",1,FALSE,TRUE,TRUE,FALSE,FALSE,TRUE,3
"UNKNOWN_ROW__24167579__unknown_160",28.7720250202333,FALSE,"down",1,FALSE,FALSE,FALSE,FALSE,FALSE,FALSE,0
"UNKNOWN_ROW__24167579__unknown_83",28.7720250202333,FALSE,"down",1,FALSE,FALSE,FALSE,FALSE,FALSE,FALSE,0
"IK_CNPVJJQCETWNEU-CYFREDJKSA-N",28.7665003746297,FALSE,"up",1,TRUE,TRUE,FALSE,TRUE,FALSE,TRUE,3
"IK_ATRNZOYKSNPPBF-UHFFFAOYSA-N",28.7631417640852,FALSE,"down",1,FALSE,TRUE,FALSE,FALSE,FALSE,TRUE,2
"IK_JVQYSWDUAOAHFM-UHFFFAOYSA-N",28.7431578322779,FALSE,"up",1,FALSE,TRUE,FALSE,FALSE,FALSE,TRUE,2
"IK_DLCUCFRSAVONGT-AEQSUFNNSA-N",28.7028388954884,FALSE,"up",1,FALSE,TRUE,TRUE,FALSE,FALSE,TRUE,3
"IK_ZETVJNVPEVTCFL-GUCXUNSNSA-N",28.697058140486,FALSE,"down",1,FALSE,TRUE,FALSE,FALSE,FALSE,TRUE,2
"IK_IIPZYDQGBIWLBU-UHFFFAOYSA-N",28.6922286489649,FALSE,"up",1,FALSE,TRUE,FALSE,FALSE,TRUE,TRUE,3
"IK_KGQZGCIVHYLPBH-UHFFFAOYSA-N",28.6816184024414,FALSE,"down",1,FALSE,TRUE,FALSE,FALSE,TRUE,TRUE,3
"IK_QYYHPAUOLCHORH-UHFFFAOYSA-N",28.6794963531366,FALSE,"up",1,FALSE,TRUE,FALSE,FALSE,FALSE,TRUE,2
"IK_YNZQCBXDUUGFIX-UHFFFAOYSA-N",28.6650334539919,FALSE,"down",1,FALSE,TRUE,TRUE,FALSE,FALSE,TRUE,3
"IK_JJIHLJJYMXLCOY-BYPYZUCNSA-N",28.6493607212185,FALSE,"up",1,FALSE,TRUE,FALSE,FALSE,FALSE,TRUE,2
"IK_OEHVJXBNLPHFCT-UHFFFAOYSA-N",28.647665613566,FALSE,"down",1,FALSE,TRUE,FALSE,FALSE,FALSE,TRUE,2
"IK_BDENGJXHUIIQRH-IQAJSEAWSA-N",28.6370553670425,FALSE,"down",1,FALSE,TRUE,FALSE,FALSE,FALSE,TRUE,2
"IK_BLQCWBCWZFDGBW-AATRIKPKSA-N",28.6264451205189,FALSE,"up",1,FALSE,TRUE,FALSE,FALSE,FALSE,TRUE,2
"IK_YCIMNLLNPGFGHC-UHFFFAOYSA-N",28.6179569233001,FALSE,"up",1,FALSE,TRUE,FALSE,FALSE,TRUE,TRUE,3
"IK_ZEXLJFNSKAHNFH-SYKYGTKKSA-N",28.6179569233001,FALSE,"up",1,FALSE,TRUE,FALSE,FALSE,TRUE,TRUE,3
"IK_GNWBLLYJQXKPIP-ZOGIJGBBSA-N",28.5840041344248,FALSE,"up",1,FALSE,TRUE,FALSE,FALSE,FALSE,TRUE,2
"IK_WVULKSPCQVQLCU-BUXLTGKBSA-N",28.5776379865106,FALSE,"up",1,FALSE,TRUE,FALSE,TRUE,TRUE,TRUE,4
"IK_ISSKMEQROMFEHL-UHFFFAOYSA-N",28.5733938879012,FALSE,"up",1,FALSE,TRUE,FALSE,FALSE,FALSE,TRUE,2
"IK_ILMMSBJXXQIEEM-UHFFFAOYSA-N",28.572113340907,FALSE,"up",1,FALSE,TRUE,FALSE,FALSE,FALSE,TRUE,2
"IK_CKTSBUTUHBMZGZ-SHYZEUOFSA-N",28.5649056906824,FALSE,"up",1,FALSE,TRUE,FALSE,FALSE,TRUE,TRUE,3
"IK_RHYWBMKYLKNBET-UHFFFAOYSA-N",28.5627836413777,FALSE,"up",1,FALSE,TRUE,FALSE,FALSE,FALSE,TRUE,2
"IK_UZKQTCBAMSWPJD-FARCUNLSSA-N",28.5617471979458,FALSE,NA,1,FALSE,TRUE,FALSE,FALSE,TRUE,TRUE,3
"IK_JHJOJVDYHODVHT-OKPMZCSGSA-N",28.5542954441588,FALSE,"down",1,FALSE,TRUE,TRUE,FALSE,FALSE,TRUE,3
"IK_AKUHMVHZLHMOIV-MMRRFZAGSA-N",28.5541486201406,FALSE,NA,1,FALSE,TRUE,TRUE,FALSE,FALSE,TRUE,3
"IK_AUMXJZBVBBGETK-JAFZKPNWSA-N",28.5541486201406,FALSE,NA,1,FALSE,TRUE,FALSE,FALSE,TRUE,TRUE,3
"IK_CDRPUGZCRXZLFL-OWOJBTEDSA-N",28.5541486201406,FALSE,NA,1,FALSE,TRUE,TRUE,FALSE,FALSE,TRUE,3
"IK_HBPXEBWVNAJRCA-LYRXPCDISA-N",28.5541486201406,FALSE,NA,1,FALSE,TRUE,TRUE,FALSE,FALSE,TRUE,3
"IK_IHEIQVVAYQRRCC-BKJIRRBHSA-N",28.5541486201406,FALSE,NA,1,FALSE,TRUE,TRUE,FALSE,FALSE,TRUE,3
"IK_NJYDDAGEVQMOBI-UHFFFAOYSA-N",28.5541486201406,FALSE,NA,1,FALSE,TRUE,TRUE,FALSE,FALSE,TRUE,3
"IK_SWIROVJVGRGSPO-JBVRGBGGSA-N",28.5541486201406,FALSE,NA,1,FALSE,TRUE,FALSE,FALSE,TRUE,TRUE,3
"IK_WDVXEDLZZBGRSA-PHRGGRIPSA-N",28.5541486201406,FALSE,NA,1,FALSE,TRUE,TRUE,FALSE,FALSE,TRUE,3
"IK_XXHSJEOGEHODTB-CAGNHHNHSA-N",28.5541486201406,FALSE,NA,1,FALSE,TRUE,TRUE,FALSE,FALSE,TRUE,3
"IK_CMEYODOSAQTQFO-SAIUNTKASA-N",28.5436851976353,FALSE,"up",1,FALSE,TRUE,TRUE,FALSE,FALSE,TRUE,3
"IK_QOLYAJSZHIJCTO-VQVTYTSYSA-N",28.530952901807,FALSE,"up",1,FALSE,TRUE,FALSE,FALSE,FALSE,TRUE,2
"IK_XMHIUKTWLZUKEX-UHFFFAOYSA-N",28.5290867861832,FALSE,"up",1,FALSE,TRUE,FALSE,FALSE,TRUE,TRUE,3
"IK_PDLPZZHYCMXDCF-UHFFFAOYSA-N",28.5203426552835,FALSE,"up",1,FALSE,TRUE,FALSE,FALSE,FALSE,TRUE,2
"IK_ZICVPLGXTMCKHF-ROUYHVFWSA-N",28.5118544580647,FALSE,"down",1,FALSE,TRUE,TRUE,FALSE,FALSE,TRUE,3
"IK_JATNWMBUDXLMEO-UHFFFAOYSA-N",28.4885119157129,FALSE,"up",1,FALSE,TRUE,FALSE,FALSE,FALSE,TRUE,2
"IK_NYHBQMYGNKIUIF-UUOKFMHZSA-N",28.4847902547571,FALSE,NA,1,FALSE,TRUE,FALSE,FALSE,TRUE,TRUE,3
"IK_PFBSCCSBALRLEC-CDJQDVQCSA-N",28.4779016691893,FALSE,"up",1,FALSE,TRUE,FALSE,FALSE,FALSE,TRUE,2
"IK_MZWRIOUCMXPLKV-RFOVXIPZSA-N",28.4721575012438,FALSE,"down",1,FALSE,TRUE,FALSE,FALSE,TRUE,TRUE,3
"IK_BJBUEDPLEOHJGE-BKLSDQPFSA-N",28.4715355212752,FALSE,"down",1,FALSE,TRUE,FALSE,TRUE,TRUE,TRUE,4
"IK_LEBBDRXHHNYZIA-LDUWYPJVSA-N",28.4694134719705,FALSE,"up",1,FALSE,TRUE,FALSE,FALSE,TRUE,TRUE,3
"IK_BVCXYGDKSPEQAH-IHSNFILASA-N",28.4481929789234,FALSE,"up",1,FALSE,TRUE,TRUE,FALSE,FALSE,TRUE,3
"IK_FUYLLJCBCKRIAL-UHFFFAOYSA-N",28.4269724858763,FALSE,"down",1,FALSE,TRUE,FALSE,FALSE,TRUE,TRUE,3
"IK_VPGRYOFKCNULNK-ACXQXYJUSA-N",28.4269724858763,FALSE,"up",1,TRUE,TRUE,FALSE,FALSE,TRUE,TRUE,3
"IK_HPWLZTZUPVOGKR-VAWYXSNFSA-N",28.4248504365716,FALSE,"down",1,FALSE,TRUE,FALSE,FALSE,FALSE,TRUE,2
"IK_UATOAILWGVYRQS-UHFFFAOYSA-N",28.4223997788325,FALSE,"up",1,FALSE,TRUE,FALSE,FALSE,FALSE,TRUE,2
"IK_BGSZAXLLHYERSY-XQIGCQGXSA-N",28.4184842886575,FALSE,"up",1,TRUE,TRUE,FALSE,TRUE,TRUE,TRUE,4
"NO_INCHIKEY__lysopc 17 0 lysope 0 020 0 lysope 20 00 0",28.4117472971755,FALSE,"up",1,FALSE,FALSE,FALSE,FALSE,FALSE,FALSE,0
"IK_MYYIAHXIVFADCU-QMMMGPOBSA-N",28.4080717512938,FALSE,NA,1,FALSE,TRUE,FALSE,FALSE,TRUE,TRUE,3
"IK_DTBNBXWJWCWCIK-UHFFFAOYSA-N",28.4020751801544,FALSE,NA,1,FALSE,TRUE,FALSE,FALSE,TRUE,TRUE,3
"IK_XZOBJEOEOJXQBF-UHFFFAOYSA-N",28.393019697001,FALSE,"down",1,FALSE,TRUE,FALSE,FALSE,FALSE,TRUE,2
"IK_QMMFVYPAHWMCMS-UHFFFAOYSA-N",28.3824094504774,FALSE,"up",1,FALSE,TRUE,FALSE,FALSE,FALSE,TRUE,2
"IK_DIGMYZZFQSIQBD-PNLKURBTSA-N",28.378213716617,FALSE,"up",1,FALSE,TRUE,FALSE,FALSE,FALSE,TRUE,2
"IK_VUNOFAIHSALQQH-UHFFFAOYSA-N",28.3717992039539,FALSE,"up",1,FALSE,TRUE,FALSE,FALSE,FALSE,TRUE,2
"IK_HPHUVLMMVZITSG-LURJTMIESA-N",28.3661354920718,TRUE,"down",2,TRUE,TRUE,FALSE,TRUE,TRUE,TRUE,4
"IK_SDVXSCSNVVZWDD-LURJTMIESA-N",28.3611889574304,FALSE,"down",1,FALSE,TRUE,FALSE,FALSE,FALSE,TRUE,2
"IK_LVDKZNITIUWNER-UHFFFAOYSA-N",28.3472127016649,FALSE,"down",1,FALSE,TRUE,FALSE,FALSE,TRUE,TRUE,3
"IK_MHMUCYJKZUZMNJ-OWOJBTEDSA-N",28.3314802671644,FALSE,"down",1,FALSE,TRUE,FALSE,FALSE,TRUE,TRUE,3
"IK_LRNNBJBAUXSVMH-NHNZYLEHSA-N",28.324053094598,FALSE,"up",1,TRUE,TRUE,FALSE,FALSE,FALSE,TRUE,2
"IK_IGQGIACCENRGLM-SOFGYWHQSA-N",28.3081377248126,FALSE,"up",1,FALSE,TRUE,FALSE,FALSE,FALSE,TRUE,2
"IK_INVGWHRKADIJHF-UHFFFAOYSA-N",28.2996495275938,FALSE,"down",1,FALSE,TRUE,FALSE,FALSE,TRUE,TRUE,3
"IK_NSVPCFNUUARRKL-CSKARUKUSA-N",28.2890392810703,FALSE,"down",1,FALSE,TRUE,FALSE,TRUE,FALSE,TRUE,3
"IK_FPUYBGZEWPJSDX-MRXNPFEDSA-N",28.2869172317655,FALSE,"up",1,FALSE,TRUE,FALSE,FALSE,FALSE,TRUE,2
"IK_VGHLCDUMOBMFJC-WNDXKNNZSA-N",28.2784290345467,FALSE,"up",1,FALSE,TRUE,TRUE,FALSE,FALSE,TRUE,3
"IK_DWMJDYZSFOSGLA-WDZFZDKYSA-N",28.276306985242,FALSE,"down",1,FALSE,TRUE,FALSE,FALSE,FALSE,TRUE,2
"IK_GFFGJBXGBJISGV-UHFFFAOYSA-N",28.2699408373279,FALSE,"up",1,FALSE,TRUE,FALSE,TRUE,TRUE,TRUE,4
"IK_SJPUNFPTIDJEOK-ROXLFADRSA-N",28.2678187880232,FALSE,"down",1,FALSE,TRUE,TRUE,FALSE,FALSE,TRUE,3
"IK_COCMFMBNEAMQMA-VGKGADPCSA-N",28.2550864921949,FALSE,"up",1,FALSE,TRUE,FALSE,FALSE,FALSE,TRUE,2
"IK_SKGLAZSLOGYCCA-PEFXOJROSA-N",28.2359880484525,FALSE,"down",1,FALSE,TRUE,FALSE,TRUE,FALSE,TRUE,3
"IK_UNHCPLSWMNPZTD-HXUWFJFHSA-N",28.2359880484525,FALSE,"up",1,FALSE,TRUE,FALSE,TRUE,FALSE,TRUE,3
"IK_VLULRUCCHYVXOH-UHFFFAOYSA-N",28.2338659991478,FALSE,"up",1,FALSE,TRUE,FALSE,FALSE,FALSE,TRUE,2
"IK_WWSWYXNVCBLWNZ-QIZQQNKQSA-N",28.225377801929,FALSE,"up",1,TRUE,TRUE,FALSE,TRUE,FALSE,TRUE,3
"IK_DLQYHMAWCJLUJE-DLZQOPQVSA-N",28.2179028266758,FALSE,"up",1,FALSE,TRUE,FALSE,FALSE,TRUE,TRUE,3
"IK_BHMYRYNHHQYGTN-UHFFFAOYSA-N",28.2126455061008,FALSE,"up",1,FALSE,TRUE,FALSE,FALSE,FALSE,TRUE,2
"IK_FKXCBKCOSVIGCT-AVGNSLFASA-N",28.2020352595772,FALSE,"down",1,FALSE,TRUE,FALSE,FALSE,FALSE,TRUE,2
"IK_ZRKZFNZPJKEWPC-UHFFFAOYSA-N",28.1935470623584,FALSE,"down",1,FALSE,TRUE,TRUE,FALSE,FALSE,TRUE,3
"IK_VEYJKJORLPYVLO-RYUDHWBXSA-N",28.1914250130537,FALSE,"up",1,FALSE,TRUE,FALSE,FALSE,FALSE,TRUE,2
"IK_BOUXQAITXDAJSF-UHFFFAOYSA-N",28.1861596955529,FALSE,"up",1,FALSE,TRUE,TRUE,FALSE,FALSE,TRUE,3
"IK_XBDQKXXYIPTUBI-UHFFFAOYSA-N",28.1829368158348,FALSE,"up",1,FALSE,TRUE,FALSE,FALSE,TRUE,TRUE,3
"IK_XGNASSAYQHESTL-BYPYZUCNSA-N",28.159594273483,FALSE,"up",1,FALSE,TRUE,FALSE,FALSE,FALSE,TRUE,2
"IK_WVVVLOJZCPRPQC-UHFFFAOYSA-N",28.1383737804359,FALSE,"up",1,FALSE,TRUE,FALSE,FALSE,FALSE,TRUE,2
"IK_JXGLGTFMAQOJBB-HEDKFQSOSA-N",28.1192753366936,FALSE,"down",1,FALSE,TRUE,TRUE,FALSE,FALSE,TRUE,3
"IK_JDOLBVXUTAGQDQ-LZOINSICSA-N",28.1171532873889,FALSE,"up",1,FALSE,TRUE,FALSE,FALSE,FALSE,TRUE,2
"IK_CXDWHYOBSJTRJU-SRWWVFQWSA-N",28.10866509017,FALSE,"up",1,FALSE,TRUE,FALSE,FALSE,TRUE,TRUE,3
"IK_QONRXIIWERLIJA-CCZSOTCQSA-N",28.0980548436465,FALSE,"up",1,FALSE,TRUE,TRUE,FALSE,FALSE,TRUE,3
"IK_JDSRHVWSAMTSSN-IRQZEAMPSA-N",28.0874445971229,FALSE,"down",1,FALSE,TRUE,FALSE,FALSE,TRUE,TRUE,3
"IK_JSFATNQSLKRBCI-USWFWKISSA-N",28.0832814544384,FALSE,NA,1,FALSE,TRUE,FALSE,FALSE,TRUE,TRUE,3
"IK_IMYZYCNQZDBZBQ-UHFFFAOYSA-N",28.0747123012947,FALSE,"up",1,FALSE,TRUE,FALSE,FALSE,FALSE,TRUE,2
"IK_GURBRQGDZZKITB-VXBMJZGYSA-N",28.070443730468,FALSE,NA,1,FALSE,TRUE,FALSE,FALSE,TRUE,TRUE,3
"IK_PNQYAMWGTGWJDW-UHFFFAOYSA-N",28.0641020547712,FALSE,"down",1,FALSE,TRUE,FALSE,FALSE,FALSE,TRUE,2
"IK_XYJOGTQLTFNMQG-KJHBSLKPSA-N",28.0450036110288,FALSE,"down",1,FALSE,TRUE,FALSE,FALSE,TRUE,TRUE,3
"IK_RTJBLRZRSVEQRH-UHFFFAOYSA-N",28.0428815617241,FALSE,"up",1,FALSE,TRUE,FALSE,FALSE,FALSE,TRUE,2
"IK_BBZCPUCZKLTAJQ-UHFFFAOYSA-N",28.0343933645052,FALSE,"down",1,FALSE,TRUE,FALSE,FALSE,TRUE,TRUE,3
"IK_QBSJMKIUCUGGNG-UHFFFAOYSA-N",28.0322713152005,FALSE,"down",1,FALSE,TRUE,FALSE,FALSE,FALSE,TRUE,2
"UNKNOWN_ROW__24167579__unknown_103",28.0223562227596,FALSE,"up",1,FALSE,FALSE,FALSE,FALSE,FALSE,FALSE,0
"UNKNOWN_ROW__24167579__unknown_114",28.0223562227596,FALSE,"up",1,FALSE,FALSE,FALSE,FALSE,FALSE,FALSE,0
"UNKNOWN_ROW__24167579__unknown_127",28.0223562227596,FALSE,"up",1,FALSE,FALSE,FALSE,FALSE,FALSE,FALSE,0
"UNKNOWN_ROW__24167579__unknown_128",28.0223562227596,FALSE,"up",1,FALSE,FALSE,FALSE,FALSE,FALSE,FALSE,0
"UNKNOWN_ROW__24167579__unknown_130",28.0223562227596,FALSE,"up",1,FALSE,FALSE,FALSE,FALSE,FALSE,FALSE,0
"UNKNOWN_ROW__24167579__unknown_135",28.0223562227596,FALSE,"up",1,FALSE,FALSE,FALSE,FALSE,FALSE,FALSE,0
"IK_ULHWZNASVJIOEM-ZETCQYMHSA-N",28.0152949207629,FALSE,"down",1,FALSE,TRUE,FALSE,TRUE,TRUE,TRUE,4
"IK_FAYYTQMQTAKHRM-UHFFFAOYSA-N",28.0110508221534,FALSE,"up",1,FALSE,TRUE,FALSE,FALSE,FALSE,TRUE,2
"IK_AMXYRHBJZOVHOL-UHFFFAOYSA-N",28.0025626249346,FALSE,"up",1,FALSE,TRUE,FALSE,TRUE,FALSE,TRUE,3
"IK_CBMYJHIOYJEBSB-ULTMTAQRSA-N",27.9898303291064,FALSE,"down",1,FALSE,TRUE,FALSE,FALSE,FALSE,TRUE,2
"IK_ZDHRSPRSUBAAIO-FNORWQNLSA-N",27.9792200825828,FALSE,"down",1,FALSE,TRUE,FALSE,FALSE,FALSE,TRUE,2
"IK_GLWKVDXAQHCAIO-REYDXQAISA-N",27.972378302928,FALSE,"up",1,FALSE,TRUE,FALSE,FALSE,TRUE,TRUE,3
"IK_TWLCFFLQLXBKAP-UHFFFAOYSA-N",27.9686098360593,FALSE,"up",1,FALSE,TRUE,FALSE,FALSE,FALSE,TRUE,2
"IK_CZAMIXFITRFMDC-HTAQTPCSSA-N",27.9579995895357,FALSE,"down",1,FALSE,TRUE,FALSE,FALSE,FALSE,TRUE,2
"IK_WQLVFSAGQJTQCK-VKROHFNGSA-N",27.9389011457933,FALSE,"down",1,FALSE,TRUE,FALSE,FALSE,TRUE,TRUE,3
"IK_YSSSPARMOAYJTE-UHFFFAOYSA-N",27.9176806527463,FALSE,"up",1,FALSE,TRUE,FALSE,FALSE,TRUE,TRUE,3
"IK_CRIZPXKICGBNKG-UHFFFAOYSA-N",27.904948356918,FALSE,"down",1,FALSE,TRUE,FALSE,FALSE,FALSE,TRUE,2
"IK_QBYUNVOYXHFVKC-GBURMNQMSA-N",27.8985822090039,FALSE,"down",1,FALSE,TRUE,FALSE,TRUE,TRUE,TRUE,4
"IK_LFLJTCVAAOWHTD-BHPNAFPPSA-N",27.8943381103945,FALSE,"down",1,FALSE,TRUE,FALSE,FALSE,FALSE,TRUE,2
"IK_NHKZSTHOYNWEEZ-AFCXAGJDSA-N",27.8731176173474,FALSE,"up",1,TRUE,TRUE,FALSE,FALSE,FALSE,TRUE,2
"NO_INCHIKEY__glu trp",27.868873518738,FALSE,"up",1,FALSE,FALSE,FALSE,FALSE,FALSE,FALSE,0
"IK_UQOQENZZLBSFKO-POPPZSFYSA-N",27.8646294201285,FALSE,"down",1,FALSE,TRUE,TRUE,FALSE,FALSE,TRUE,3
"IK_JAXWMXMFLOWKCW-UHFFFAOYSA-N",27.8625073708238,FALSE,"up",1,FALSE,TRUE,FALSE,FALSE,FALSE,TRUE,2
"IK_VBGLYOIFKLUMQG-UHFFFAOYSA-N",27.847433503349,FALSE,"up",1,FALSE,TRUE,FALSE,FALSE,TRUE,TRUE,3
"IK_QAIPRVGONGVQAS-UHFFFAOYSA-N",27.8306766312532,FALSE,"up",1,FALSE,TRUE,FALSE,FALSE,FALSE,TRUE,2
"IK_ZBBHBTPTTSWHBA-UHFFFAOYSA-N",27.8009679409873,FALSE,"down",1,TRUE,TRUE,FALSE,FALSE,TRUE,TRUE,3
"IK_RLKNMGYLNXTJGA-UHFFFAOYSA-N",27.7988458916826,FALSE,"up",1,FALSE,TRUE,FALSE,FALSE,FALSE,TRUE,2
"IK_SUZYROYNFNQALJ-MHEIZRSESA-N",27.7903576944637,FALSE,"down",1,FALSE,TRUE,TRUE,FALSE,FALSE,TRUE,3
"IK_ASWBNKHCZGQVJV-QHCPKHFHSA-N",27.764455479073,FALSE,"up",1,FALSE,TRUE,FALSE,FALSE,FALSE,TRUE,2
"IK_YNAVUWVOSKDBBP-UHFFFAOYSA-N",27.7585269548931,FALSE,"down",1,FALSE,TRUE,FALSE,FALSE,TRUE,TRUE,3
"IK_SWINWPBPEKHUOD-JPVZDGGYSA-N",27.7458611721141,FALSE,NA,1,FALSE,TRUE,FALSE,FALSE,TRUE,TRUE,3
"IK_ICSANXSPLDFBSA-ZUYRUSJRSA-N",27.7457946590649,FALSE,"up",1,FALSE,TRUE,FALSE,FALSE,FALSE,TRUE,2
"IK_WILFXLMJFSKQRP-ZDUSSCGKSA-N",27.7457946590649,FALSE,"up",1,FALSE,TRUE,FALSE,FALSE,FALSE,TRUE,2
"IK_CXTXHTVXPMOOSW-JUEJINBGSA-N",27.7351844125413,FALSE,"up",1,FALSE,TRUE,FALSE,FALSE,FALSE,TRUE,2
"IK_GEWUBFCXNZWHKH-HSZRJFAPSA-N",27.7266962153225,FALSE,"up",1,FALSE,TRUE,FALSE,TRUE,FALSE,TRUE,3
"IK_ITZYGDKGRKKBSN-HKFUITGCSA-N",27.7245741660178,FALSE,"up",1,FALSE,TRUE,FALSE,FALSE,FALSE,TRUE,2
"IK_MWRWFPQBGSZWNV-UHFFFAOYSA-N",27.72248870377,FALSE,"down",1,FALSE,TRUE,FALSE,FALSE,TRUE,TRUE,3
"IK_BXRLWGXPSRYJDZ-VKHMYHEASA-N",27.6948654757519,FALSE,"up",1,FALSE,TRUE,FALSE,FALSE,TRUE,TRUE,3
"IK_HOMAGVUCNZNWBC-UHFFFAOYSA-N",27.6927434264471,FALSE,"up",1,FALSE,TRUE,FALSE,FALSE,FALSE,TRUE,2
"IK_GRJFTUSJGMRSSJ-KICRZJJPSA-N",27.6842552292283,FALSE,"down",1,FALSE,TRUE,FALSE,FALSE,TRUE,TRUE,3
"IK_IPWKIXLWTCNBKN-UHFFFAOYSA-N",27.6515762525287,FALSE,"up",1,TRUE,TRUE,FALSE,FALSE,FALSE,TRUE,2
"IK_ZQIULKXWJGSFAC-UHFFFAOYSA-N",27.6396921938294,FALSE,"down",1,FALSE,TRUE,FALSE,FALSE,FALSE,TRUE,2
"NO_INCHIKEY__sm d41 2 isomer b",27.6377175722075,FALSE,"down",1,FALSE,FALSE,FALSE,FALSE,FALSE,FALSE,0
"IK_DSLZVSRJTYRBFB-LLEIAEIESA-N",27.6368084540403,FALSE,"up",1,FALSE,TRUE,FALSE,FALSE,TRUE,TRUE,3
"IK_YNLRDTBLEOQPQL-UHFFFAOYSA-N",27.6205937500871,FALSE,"up",1,FALSE,TRUE,TRUE,FALSE,FALSE,TRUE,3
"IK_PNZJCTOIJIYXNH-QVLAUCSVSA-N",27.5781527639929,FALSE,"down",1,FALSE,TRUE,TRUE,FALSE,FALSE,TRUE,3
"IK_QCDYOIZVELGOLZ-UHFFFAOYSA-N",27.5760307146882,FALSE,"up",1,FALSE,TRUE,FALSE,FALSE,FALSE,TRUE,2
"IK_CVNYHSDFZXHMMJ-VPUMZWJWSA-N",27.5675425174693,FALSE,"up",1,FALSE,TRUE,FALSE,TRUE,FALSE,TRUE,3
"IK_NTVFQBIHLSPEGQ-BUHFOSPRSA-N",27.5548102216411,FALSE,"up",1,FALSE,TRUE,FALSE,FALSE,FALSE,TRUE,2
"IK_GVQAYSKPEXYNSE-PEHNEXDUSA-N",27.5505661230317,FALSE,"up",1,FALSE,FALSE,FALSE,FALSE,FALSE,FALSE,0
"IK_AYIZHKDZYOSOGY-IUCAKERBSA-N",27.5441999751175,FALSE,"up",1,FALSE,TRUE,FALSE,FALSE,FALSE,TRUE,2
"IK_HSHUXNYMVPABPS-FEMAWNSXSA-N",27.5357117778987,FALSE,"up",1,FALSE,TRUE,TRUE,FALSE,FALSE,TRUE,3
"IK_FBPFZTCFMRRESA-KVTDHHQDSA-N",27.529777233233,FALSE,"up",1,FALSE,TRUE,FALSE,FALSE,TRUE,TRUE,3
"IK_UBCPEZWGUOSYHO-JAPSQKQGSA-N",27.5251015313752,FALSE,"up",1,FALSE,TRUE,FALSE,TRUE,FALSE,TRUE,3
"IK_YQDZGFAYWGWSJK-SLMGBJJTSA-N",27.5229794820705,FALSE,"up",1,FALSE,TRUE,FALSE,FALSE,FALSE,TRUE,2
"NO_INCHIKEY__cer 40 0 2o cer 18 0 2o 22 0",27.5221544975534,FALSE,"down",1,FALSE,FALSE,FALSE,FALSE,FALSE,FALSE,0
"IK_LYSGIJUGUGJIPS-ONEGZZNKSA-N",27.5166133341563,FALSE,NA,1,FALSE,TRUE,FALSE,TRUE,TRUE,TRUE,4
"IK_DZAIOXUZHHTJKN-UHFFFAOYSA-N",27.5070401708185,FALSE,"up",1,FALSE,TRUE,FALSE,FALSE,FALSE,TRUE,2
"IK_WHBHBVVOGNECLV-OBQKJFGGSA-N",27.5002663946096,FALSE,"up",1,FALSE,TRUE,FALSE,FALSE,TRUE,TRUE,3
"IK_NXJSQJIGCCIMAE-ORIYTCASSA-N",27.4932707918045,FALSE,"up",1,FALSE,TRUE,TRUE,FALSE,FALSE,TRUE,3
"IK_YJTVZHOYBAOUTO-URBBEOKESA-N",27.4741723480622,FALSE,NA,1,FALSE,TRUE,FALSE,TRUE,TRUE,TRUE,4
"IK_WWJIBIGWKGFVAQ-JNSYTQKUSA-N",27.4737795328092,FALSE,"up",1,FALSE,TRUE,FALSE,FALSE,FALSE,TRUE,2
"IK_CBFHOPPJBYHALQ-RLWMBFFFSA-N",27.4720502987575,FALSE,"up",1,FALSE,TRUE,FALSE,TRUE,FALSE,TRUE,3
"IK_ADVNUIUADIXWMI-OLZOCXBDSA-N",27.4699282494527,FALSE,"up",1,FALSE,TRUE,FALSE,FALSE,FALSE,TRUE,2
"IK_KORLZEIJSHHTDW-YFKPBYRVSA-N",27.4593180029292,FALSE,"up",1,FALSE,TRUE,FALSE,FALSE,FALSE,TRUE,2
"IK_MDSIZRKJVDMQOQ-GORDUTHDSA-N",27.4476101446963,FALSE,"down",1,FALSE,TRUE,FALSE,FALSE,FALSE,TRUE,2
"IK_QQONPFPTGQHPMA-UHFFFAOYSA-N",27.4402195591868,FALSE,"up",1,FALSE,TRUE,FALSE,FALSE,TRUE,TRUE,3
"IK_KVCSJPATKXABRQ-UHFFFAOYSA-N",27.4380975098821,FALSE,"up",1,FALSE,TRUE,FALSE,FALSE,FALSE,TRUE,2
"IK_ROWKJAVDOGWPAT-UHFFFAOYSA-N",27.4296093126633,FALSE,"down",1,FALSE,TRUE,FALSE,FALSE,TRUE,TRUE,3
"IK_MFNAKLLYSPINFZ-UHFFFAOYSA-N",27.4274872633586,FALSE,"up",1,FALSE,TRUE,FALSE,FALSE,FALSE,TRUE,2
"IK_OCEZPDBEDULORM-UHFFFAOYSA-N",27.416877016835,FALSE,"down",1,FALSE,TRUE,FALSE,FALSE,FALSE,TRUE,2
"IK_XCCONPVPHCCYNF-KPFPPAHTSA-N",27.4129658580759,FALSE,"down",1,FALSE,TRUE,TRUE,FALSE,FALSE,TRUE,3
"IK_APZFKAJBLBCEFG-YIAAKVKQSA-N",27.4083888196162,FALSE,"down",1,FALSE,TRUE,TRUE,FALSE,FALSE,TRUE,3
"IK_OSICWVVWEXKSBD-LFAYTRTRSA-N",27.4083888196162,FALSE,"down",1,FALSE,TRUE,FALSE,FALSE,TRUE,TRUE,3
"IK_IECPWNUMDGFDKC-MZJAQBGESA-N",27.4083888196162,FALSE,"up",1,TRUE,TRUE,FALSE,FALSE,TRUE,TRUE,3
"IK_YTBSYETUWUMLBZ-IUYQGCFVSA-N",27.3999006223974,FALSE,NA,1,FALSE,TRUE,FALSE,TRUE,TRUE,TRUE,4
"IK_VSMOENVRRABVKN-QMMMGPOBSA-N",27.3956565237879,FALSE,"up",1,FALSE,TRUE,FALSE,FALSE,FALSE,TRUE,2
"IK_KIWQWJKWBHZMDT-UHFFFAOYSA-N",27.3765580800456,FALSE,"down",1,FALSE,TRUE,FALSE,TRUE,FALSE,TRUE,3
"IK_ZIKZPLSIAVHITA-WNGDLQANSA-N",27.3744360307409,FALSE,"down",1,FALSE,TRUE,FALSE,FALSE,FALSE,TRUE,2
"IK_NRZWYNLTFLDQQX-UHFFFAOYSA-N",27.3638257842173,FALSE,"down",1,FALSE,TRUE,FALSE,FALSE,FALSE,TRUE,2
"IK_UTSVPXMQSFGQTM-DCXZOGHSSA-N",27.3553375869985,FALSE,"down",1,FALSE,TRUE,FALSE,FALSE,TRUE,TRUE,3
"IK_HJJVPARKXDDIQD-UHFFFAOYSA-N",27.3476543050332,FALSE,"up",1,FALSE,TRUE,FALSE,FALSE,TRUE,TRUE,3
"IK_HVUMOYIDDBPOLL-XWVZOOPGSA-N",27.3447273404749,FALSE,"up",1,FALSE,TRUE,FALSE,TRUE,FALSE,TRUE,3
"IK_PIYTUGMLAKPQKI-OMQYJPGKSA-N",27.3426052911702,FALSE,"down",1,FALSE,TRUE,FALSE,FALSE,FALSE,TRUE,2
"IK_SEEGHKWOBVVBTQ-NFMPGMCNSA-N",27.3341170939514,FALSE,"down",1,FALSE,TRUE,FALSE,FALSE,TRUE,TRUE,3
"IK_HCENGXRZXKAJLN-VOTSOKGWSA-N",27.3319950446467,FALSE,"up",1,FALSE,TRUE,FALSE,FALSE,FALSE,TRUE,2
"IK_CMGDVUCDZOBDNL-UHFFFAOYSA-N",27.3107745515996,FALSE,"up",1,FALSE,TRUE,FALSE,FALSE,FALSE,TRUE,2
"IK_DHWUVPPRBIJJKS-VUEDXXQZSA-N",27.3022863543808,FALSE,"up",1,FALSE,TRUE,FALSE,FALSE,TRUE,TRUE,3
"IK_XUJWOMMOEOHPFP-UTJQPWESSA-N",27.3001643050761,FALSE,"down",1,FALSE,TRUE,FALSE,FALSE,FALSE,TRUE,2
"IK_UWNSWIXIVDMCHZ-UHFFFAOYSA-N",27.2948591818143,FALSE,"up",1,TRUE,TRUE,FALSE,FALSE,FALSE,TRUE,2
"IK_MEZHYUGWUQWXOK-QPPIDDCLSA-N",27.2704556148101,FALSE,"down",1,FALSE,TRUE,TRUE,FALSE,FALSE,TRUE,3
"IK_IHTMGUFGDQUBIO-QGEKYMHSSA-N",27.2598453682866,FALSE,"up",1,FALSE,TRUE,TRUE,FALSE,FALSE,TRUE,3
"IK_TWDZVGUEYBJLQC-CWMYCXEUSA-N",27.249235121763,FALSE,"down",1,FALSE,TRUE,TRUE,FALSE,FALSE,TRUE,3
"IK_AVTUTJYTKKMVGB-BGXVWEPQSA-O",27.2365028259348,FALSE,"up",1,FALSE,TRUE,FALSE,FALSE,FALSE,TRUE,2
"IK_ZCGUDUFJPFKWKP-QLXZSTJSSA-N",27.2269551260658,FALSE,"up",1,FALSE,TRUE,FALSE,FALSE,FALSE,TRUE,2
"IK_XHDHWGKEDVWKAN-ONNLMXTPSA-N",27.2258925794113,FALSE,"up",1,FALSE,TRUE,FALSE,FALSE,FALSE,TRUE,2
"IK_CNUQZHQKEQFDPU-MDWZMJQESA-N",27.2174043821924,FALSE,"up",1,FALSE,TRUE,TRUE,FALSE,FALSE,TRUE,3
"IK_ATXHVCQZZJYMCF-XUDSTZEESA-N",27.2067941356689,FALSE,"up",1,TRUE,TRUE,FALSE,FALSE,TRUE,TRUE,3
"IK_MMNWSHJJPDXKCH-UHFFFAOYSA-N",27.2067941356689,FALSE,"up",1,FALSE,TRUE,FALSE,FALSE,TRUE,TRUE,3
"IK_QTENRWWVYAAPBI-YCRXJPFRSA-N",27.1940618398406,FALSE,"up",1,TRUE,TRUE,FALSE,FALSE,FALSE,TRUE,2
"IK_AJSDVNKVGFVAQU-PRJMDXOYSA-N",27.1749633960982,FALSE,"down",1,FALSE,TRUE,FALSE,FALSE,TRUE,TRUE,3
"IK_QFRLEUJNZXTNTR-YYOLRRQBSA-N",27.16223110027,FALSE,"down",1,FALSE,TRUE,FALSE,FALSE,FALSE,TRUE,2
"IK_KQZRTOGFDRQBSR-UHFFFAOYSA-N",27.1410106072229,FALSE,"up",1,FALSE,TRUE,FALSE,FALSE,FALSE,TRUE,2
"IK_CVFXMLXLNNEEJM-MQWKRIRWSA-N",27.1304003606994,FALSE,"down",1,FALSE,TRUE,FALSE,FALSE,FALSE,TRUE,2
"IK_OASKNPCLIHUTTL-UHFFFAOYSA-N",27.1226261119171,FALSE,NA,1,TRUE,TRUE,FALSE,FALSE,TRUE,TRUE,3
"IK_RKFMAQNDSSSRTH-OSMVPFSASA-N",27.1147708590905,FALSE,"up",1,FALSE,TRUE,FALSE,FALSE,TRUE,TRUE,3
"IK_SGTFNLMVIRZWTA-LFCBYZEKSA-N",27.1091798676523,FALSE,"down",1,FALSE,TRUE,FALSE,FALSE,FALSE,TRUE,2
"IK_ZJDPLLSGJXQZSR-HMPWLZDGSA-N",27.1006916704334,FALSE,"down",1,FALSE,TRUE,FALSE,FALSE,TRUE,TRUE,3
"IK_NAYOYSKSFGMFOB-LURJTMIESA-N",27.0977647058752,FALSE,"up",1,FALSE,TRUE,FALSE,FALSE,TRUE,TRUE,3
"IK_UIUJIQZEACWQSV-UHFFFAOYSA-N",27.0582506843393,FALSE,"up",1,FALSE,TRUE,FALSE,TRUE,FALSE,TRUE,3
"IK_XWYBFXIUISNTQG-XPYNSANSSA-N",27.045518388511,FALSE,"up",1,FALSE,TRUE,FALSE,FALSE,FALSE,TRUE,2
"IK_YMJNFVUJNDWLND-ZHACJKMWSA-N",27.0370301912922,FALSE,"up",1,FALSE,TRUE,TRUE,FALSE,FALSE,TRUE,3
"IK_ZQTAMPRZFOOEEP-HZJYTTRNSA-N",27.0158096982451,FALSE,"up",1,FALSE,TRUE,TRUE,FALSE,FALSE,TRUE,3
"IK_DXHYQIJBUNRPJT-UHFFFAOYSA-N",27.0136876489404,FALSE,"up",1,FALSE,TRUE,FALSE,FALSE,FALSE,TRUE,2
"IK_NSTCJQZTKVQBIU-UHFFFAOYSA-N",27.0136876489404,FALSE,"up",1,FALSE,TRUE,FALSE,FALSE,FALSE,TRUE,2
"IK_OCKPCBLVNKHBMX-UHFFFAOYSA-N",27.0051994517216,FALSE,"up",1,FALSE,TRUE,FALSE,FALSE,TRUE,TRUE,3
"IK_UEFRDQSMQXDWTO-YGPZHTELSA-N",27.0030774024169,FALSE,"up",1,FALSE,TRUE,FALSE,FALSE,FALSE,TRUE,2
"IK_VIDLVGFSJZUUCT-KRXZEVONSA-N",26.9521482191039,FALSE,"up",1,FALSE,TRUE,TRUE,FALSE,FALSE,TRUE,3
"IK_RLKGCXCVPAYULW-QTZWXKQRSA-N",26.9415379725803,FALSE,"down",1,FALSE,TRUE,TRUE,FALSE,FALSE,TRUE,3
"IK_PSBIAPQFYNFRKH-FXJJMODTSA-N",26.9309277260568,FALSE,"down",1,FALSE,TRUE,TRUE,FALSE,FALSE,TRUE,3
"IK_NICDFCNOCPZHTJ-LXGSHKTASA-N",26.9288056767521,FALSE,"down",1,FALSE,TRUE,FALSE,FALSE,FALSE,TRUE,2
"IK_PXGPLTODNUVGFL-NAPLMKITSA-N",26.9203174795332,FALSE,"down",1,FALSE,TRUE,TRUE,FALSE,FALSE,TRUE,3
"IK_VMZVBRIIHDRYGK-UHFFFAOYSA-N",26.907585183705,FALSE,"down",1,FALSE,TRUE,FALSE,FALSE,FALSE,TRUE,2
"IK_WXTMDXOMEHJXQO-UHFFFAOYSA-N",26.8990969864861,FALSE,"up",1,FALSE,TRUE,FALSE,FALSE,TRUE,TRUE,3
"IK_XJLATMLVMSFZBN-VYDXJSESSA-N",26.8990969864861,FALSE,"up",1,FALSE,TRUE,FALSE,FALSE,TRUE,TRUE,3
"IK_NLMDZXKCTWKRSQ-IBISWUOJSA-N",26.8969749371814,FALSE,"up",1,FALSE,TRUE,FALSE,FALSE,FALSE,TRUE,2
"IK_FMCBSYMIXJRNHE-QXNXUSMZSA-N",26.8863646906579,FALSE,"down",1,FALSE,TRUE,FALSE,FALSE,FALSE,TRUE,2
"IK_QMGUAHPNVSCSPM-UHFFFAOYSA-N",26.8757544441343,FALSE,"up",1,FALSE,TRUE,FALSE,FALSE,FALSE,TRUE,2
"IK_UBQKCCHYAOITMY-UHFFFAOYSA-N",26.8672662469155,FALSE,"up",1,FALSE,TRUE,FALSE,FALSE,TRUE,TRUE,3
"IK_VDNMIIDPBBCMTM-UHFFFAOYSA-N",26.8545339510873,FALSE,"down",1,FALSE,TRUE,FALSE,FALSE,FALSE,TRUE,2
"IK_GJRJTYFSORWKBE-UHFFFAOYSA-N",26.8478751067173,FALSE,"up",1,FALSE,TRUE,FALSE,FALSE,TRUE,TRUE,3
"IK_ARSJQOAYGVNWEK-MLCWLASSSA-N",26.8460457538684,FALSE,"up",1,FALSE,TRUE,FALSE,TRUE,FALSE,TRUE,3
"NO_INCHIKEY__lpc 20 1 1",26.8406704266101,FALSE,"up",1,FALSE,FALSE,FALSE,FALSE,FALSE,FALSE,0
"IK_HNEGQIOMVPPMNR-NSCUHMNNSA-N",26.8354355073449,FALSE,"up",1,FALSE,TRUE,FALSE,FALSE,TRUE,TRUE,3
"IK_NIVZHWNOUVJHKV-UHFFFAOYSA-N",26.8216730904949,FALSE,"down",1,TRUE,TRUE,FALSE,FALSE,FALSE,TRUE,2
"IK_LVHOURKCKUYIGK-RGUJTQARSA-N",26.8142150142978,FALSE,"up",1,TRUE,TRUE,FALSE,FALSE,TRUE,TRUE,3
"IK_QYTPGOPLNFESQC-NUTQULCTSA-N",26.8142150142978,FALSE,"up",1,FALSE,TRUE,FALSE,TRUE,FALSE,TRUE,3
"IK_JWDFQMWEFLOOED-UHFFFAOYSA-N",26.8120929649931,FALSE,"down",1,FALSE,TRUE,FALSE,FALSE,FALSE,TRUE,2
"IK_QINFFYRWMCWIQU-HEPLYUHHSA-N",26.8036047677742,FALSE,"up",1,FALSE,TRUE,TRUE,FALSE,FALSE,TRUE,3
"IK_RDJGLLICXDHJDY-UHFFFAOYSA-N",26.8036047677742,FALSE,"up",1,TRUE,TRUE,FALSE,FALSE,TRUE,TRUE,3
"IK_RFAKHEWADWLSJX-ZIQRGBBDSA-N",26.790872471946,FALSE,"up",1,FALSE,TRUE,FALSE,FALSE,FALSE,TRUE,2
"UNKNOWN_ROW__24167579__unknown_120",26.7729082269699,FALSE,"up",1,FALSE,FALSE,FALSE,FALSE,FALSE,FALSE,0
"UNKNOWN_ROW__24167579__unknown_121",26.7729082269699,FALSE,"up",1,FALSE,FALSE,FALSE,FALSE,FALSE,FALSE,0
"UNKNOWN_ROW__24167579__unknown_123",26.7729082269699,FALSE,"up",1,FALSE,FALSE,FALSE,FALSE,FALSE,FALSE,0
"UNKNOWN_ROW__24167579__unknown_125",26.7729082269699,FALSE,"up",1,FALSE,FALSE,FALSE,FALSE,FALSE,FALSE,0
"UNKNOWN_ROW__24167579__unknown_126",26.7729082269699,FALSE,"up",1,FALSE,FALSE,FALSE,FALSE,FALSE,FALSE,0
"UNKNOWN_ROW__24167579__unknown_136",26.7729082269699,FALSE,"up",1,FALSE,FALSE,FALSE,FALSE,FALSE,FALSE,0
"UNKNOWN_ROW__24167579__unknown_143",26.7729082269699,FALSE,"up",1,FALSE,FALSE,FALSE,FALSE,FALSE,FALSE,0
"UNKNOWN_ROW__24167579__unknown_162",26.7729082269699,FALSE,"up",1,FALSE,FALSE,FALSE,FALSE,FALSE,FALSE,0
"UNKNOWN_ROW__24167579__unknown_181",26.7729082269699,FALSE,"up",1,FALSE,FALSE,FALSE,FALSE,FALSE,FALSE,0
"IK_FAYYTQMQTAKHRM-QDVPYJSNSA-N",26.7696519788989,FALSE,"down",1,FALSE,TRUE,FALSE,FALSE,FALSE,TRUE,2
"IK_YYMCYJLIYNNOMK-UHFFFAOYSA-N",26.7590417323754,FALSE,"down",1,FALSE,TRUE,FALSE,FALSE,FALSE,TRUE,2
"IK_LTINZAODLRIQIX-FBXRGJNPSA-N",26.7505535351565,FALSE,"down",1,TRUE,TRUE,FALSE,FALSE,TRUE,TRUE,3
"IK_LCJRHAPPMIUHLH-UHFFFAOYSA-N",26.739943288633,FALSE,"down",1,FALSE,TRUE,FALSE,FALSE,TRUE,TRUE,3
"IK_RMOGWMIKYWRTKW-UONOGXRCSA-N",26.739943288633,FALSE,"up",1,FALSE,TRUE,FALSE,FALSE,TRUE,TRUE,3
"IK_NDBRCNIXDRLLSE-GSUBHOBPSA-N",26.7081125490624,FALSE,"down",1,FALSE,TRUE,TRUE,FALSE,FALSE,TRUE,3
"IK_WBIICVGYYRRURR-UHFFFAOYSA-N",26.7059904997577,FALSE,"up",1,FALSE,TRUE,FALSE,FALSE,FALSE,TRUE,2
"IK_MROJXXOCABQVEF-UHFFFAOYSA-N",26.7059904997576,FALSE,"up",1,TRUE,TRUE,FALSE,FALSE,FALSE,TRUE,2
"IK_PZTGRDMCBZUJDL-UHFFFAOYSA-N",26.6996243518435,FALSE,NA,1,FALSE,TRUE,FALSE,TRUE,TRUE,TRUE,4
"IK_VSDWHZGJGWMIRN-UHFFFAOYSA-N",26.6953802532341,FALSE,"up",1,FALSE,TRUE,FALSE,FALSE,FALSE,TRUE,2
"IK_JWBXCSQZLLIOCI-GUBZILKMSA-N",26.6868920560153,FALSE,"up",1,FALSE,TRUE,FALSE,TRUE,FALSE,TRUE,3
"IK_VAPHLLYHDMUQSW-UHFFFAOYSA-N",26.6847700067106,FALSE,"down",1,FALSE,TRUE,FALSE,FALSE,FALSE,TRUE,2
"IK_PIJVFDBKTWXHHD-HIFRSBDPSA-N",26.6656715629682,FALSE,"up",1,TRUE,TRUE,FALSE,FALSE,TRUE,TRUE,3
"IK_FHFZEKYDSVTYLL-UHFFFAOYSA-N",26.6635495136635,FALSE,"down",1,TRUE,TRUE,FALSE,FALSE,FALSE,TRUE,2
"IK_RQHPADKWNYTHOH-VIFPVBQESA-N",26.6529392671399,FALSE,"up",1,FALSE,TRUE,FALSE,FALSE,FALSE,TRUE,2
"IK_FHENRYRLCPXONH-LDLOPFEMSA-N",26.6165306328603,FALSE,"up",1,FALSE,TRUE,FALSE,FALSE,FALSE,TRUE,2
"IK_PKIYFBICNICNGJ-UHFFFAOYSA-N",26.6126203303505,FALSE,"down",1,FALSE,TRUE,FALSE,TRUE,FALSE,TRUE,3
"IK_PCXDJQZLDDHMGX-UHFFFAOYSA-N",26.6104982810458,FALSE,"up",1,FALSE,TRUE,FALSE,FALSE,FALSE,TRUE,2
"IK_IAIWVQXQOWNYOU-FPYGCLRLSA-N",26.6041321331316,FALSE,NA,1,FALSE,TRUE,FALSE,TRUE,TRUE,TRUE,4
"IK_PTIDGSWTMLSGAH-UHFFFAOYSA-N",26.5913998373034,FALSE,"down",1,FALSE,TRUE,FALSE,FALSE,TRUE,TRUE,3
"IK_JXCOSKURGJMQSG-AIEJOZITSA-N",26.5892777879987,FALSE,"up",1,FALSE,TRUE,FALSE,FALSE,FALSE,TRUE,2
"IK_YWZAPMXAANPWLC-DCAQKATOSA-N",26.5892777879987,FALSE,"down",1,FALSE,TRUE,FALSE,FALSE,FALSE,TRUE,2
"IK_VFYGOZNDDVMNNT-UHFFFAOYSA-N",26.5786675414751,FALSE,"down",1,FALSE,TRUE,FALSE,FALSE,FALSE,TRUE,2
"IK_SJFTVAAHLRFBST-NSHQGHFVSA-N",26.5680572949516,FALSE,"up",1,FALSE,TRUE,FALSE,FALSE,FALSE,TRUE,2
"IK_MOTZDAYCYVMXPC-UHFFFAOYSA-N",26.5510809005139,FALSE,NA,1,FALSE,TRUE,TRUE,FALSE,TRUE,TRUE,4
"IK_WMUMZOAFCDOTRW-OVEHVULHSA-N",26.5468368019045,FALSE,"up",1,FALSE,TRUE,FALSE,FALSE,FALSE,TRUE,2
"IK_YRKLGWOHYXIKSF-LBPRGKRZSA-N",26.536226555381,FALSE,"up",1,FALSE,TRUE,FALSE,FALSE,FALSE,TRUE,2
"UNKNOWN_ROW__24167579__unknown_189",26.523018627812,FALSE,"down",1,FALSE,FALSE,FALSE,FALSE,FALSE,FALSE,0
"IK_DPOINJQWXDTOSF-UHFFFAOYSA-N",26.5043958158103,FALSE,"up",1,FALSE,TRUE,FALSE,FALSE,FALSE,TRUE,2
"IK_NRJAVPSFFCBXDT-HUESYALOSA-N",26.4980296678962,FALSE,"up",1,FALSE,TRUE,TRUE,FALSE,TRUE,TRUE,4
"IK_HMARMWSETGYKDK-AOGVJQIJSA-N",26.4959076185915,FALSE,"up",1,FALSE,TRUE,TRUE,FALSE,FALSE,TRUE,3
"IK_CWLVBFJCJXHUCF-RNPYNJAESA-N",26.4725650762397,FALSE,"up",1,FALSE,TRUE,FALSE,FALSE,FALSE,TRUE,2
"IK_BLGXFZZNTVWLAY-DKJBZYCGSA-N",26.4619548297162,FALSE,"down",1,FALSE,TRUE,FALSE,FALSE,FALSE,TRUE,2
"IK_NZXKDOXHBHYTKP-UHFFFAOYSA-N",26.4534666324973,FALSE,"up",1,TRUE,TRUE,FALSE,FALSE,TRUE,TRUE,3
"IK_SXKNCCSPZDCRFD-UHFFFAOYSA-N",26.4385382808854,FALSE,"up",1,FALSE,TRUE,FALSE,FALSE,TRUE,TRUE,3
"IK_KUAZQDVKQLNFPE-UHFFFAOYSA-N",26.4322461394502,FALSE,"down",1,FALSE,TRUE,FALSE,FALSE,TRUE,TRUE,3
"IK_FKTCHXAVPYGOSM-CUAXAMRHSA-N",26.4004153998796,FALSE,"up",1,FALSE,TRUE,FALSE,TRUE,FALSE,TRUE,3
"IK_YAADMLWHGMUGQL-VOTSOKGWSA-N",26.4004153998796,FALSE,"down",1,FALSE,TRUE,FALSE,TRUE,FALSE,TRUE,3
"IK_VEESGYSTEQKVJL-KVKKDTSVSA-N",26.3982933505749,FALSE,"up",1,FALSE,TRUE,FALSE,FALSE,FALSE,TRUE,2
"IK_XEUPFPHHPCQXFV-UHFFFAOYSA-N",26.3876831040514,FALSE,"up",1,FALSE,TRUE,FALSE,FALSE,FALSE,TRUE,2
"IK_FHSUFDYFOHSYHI-UHFFFAOYSA-N",26.3791949068325,FALSE,"down",1,FALSE,TRUE,FALSE,FALSE,TRUE,TRUE,3
"IK_ODVPGHBKUZXZJN-PWWCDPQYSA-N",26.3770728575278,FALSE,"up",1,FALSE,TRUE,FALSE,FALSE,FALSE,TRUE,2
"IK_HFTWTHSIMCSLFQ-CMLLUXCUSA-N",26.368584660309,FALSE,"up",1,FALSE,TRUE,FALSE,FALSE,TRUE,TRUE,3
"IK_SXSVOVSEOKWUNE-CMDGGOBGSA-N",26.3452421179572,FALSE,"down",1,FALSE,TRUE,FALSE,FALSE,FALSE,TRUE,2
"IK_LCPDWSOZIOUXRV-UHFFFAOYSA-N",26.3367539207384,FALSE,"down",1,FALSE,TRUE,FALSE,FALSE,TRUE,TRUE,3
"IK_GSEOJHIBPQRSNH-XZOQPEGZSA-N",26.3346318714337,FALSE,"down",1,FALSE,TRUE,FALSE,FALSE,FALSE,TRUE,2
"IK_MSFSPUZXLOGKHJ-PGYHGBPZSA-N",26.3049231811677,FALSE,"up",1,FALSE,TRUE,FALSE,FALSE,TRUE,TRUE,3
"IK_KCEGBPIYGIWCDH-UHFFFAOYSA-N",26.302801131863,FALSE,"down",1,FALSE,TRUE,FALSE,FALSE,FALSE,TRUE,2
"IK_SMVMSLPPAGGLDL-ZZTDLJEGSA-N",26.2921908853395,FALSE,"down",1,FALSE,TRUE,FALSE,FALSE,FALSE,TRUE,2
"IK_OXSYGCRLQCGSAQ-UHFFFAOYSA-N",26.2837026881206,FALSE,"up",1,FALSE,TRUE,FALSE,FALSE,TRUE,TRUE,3
"IK_OHZYISZWOVEBCJ-ATLCLBDSSA-N",26.2709703922924,FALSE,"down",1,FALSE,TRUE,FALSE,FALSE,FALSE,TRUE,2
"IK_AKAHWGGIUSJNNM-BQBZGAKWSA-N",26.263502391112,FALSE,"up",1,FALSE,TRUE,TRUE,FALSE,FALSE,TRUE,3
"IK_VXBLCLVRWCLEOX-BFYSZXNBSA-N",26.2624821950736,FALSE,"down",1,FALSE,TRUE,FALSE,FALSE,TRUE,TRUE,3
"IK_LJOQGZACKSYWCH-LHHVKLHASA-N",26.25187194855,FALSE,"up",1,TRUE,TRUE,FALSE,FALSE,TRUE,TRUE,3
"IK_SYELZBGXAIXKHU-UHFFFAOYSA-N",26.2497498992453,FALSE,"up",1,FALSE,TRUE,FALSE,FALSE,FALSE,TRUE,2
"IK_GWLHCTMTLJQQKG-UHFFFAOYSA-N",26.2231511088225,FALSE,"down",1,FALSE,TRUE,TRUE,FALSE,FALSE,TRUE,3
"IK_KVXSPXCUAWCXEI-UHFFFAOYSA-N",26.2200412089794,FALSE,"down",1,FALSE,TRUE,FALSE,TRUE,FALSE,TRUE,3
"IK_YFXWTVLDSKSYLW-NSCUHMNNSA-N",26.2094309624558,FALSE,"up",1,FALSE,TRUE,FALSE,FALSE,TRUE,TRUE,3
"IK_IEJSCSAMMLUINT-NRFANRHFSA-N",26.2073089131511,FALSE,"up",1,FALSE,TRUE,FALSE,FALSE,FALSE,TRUE,2
"IK_JLFNLZLINWHATN-UHFFFAOYSA-N",26.1988207159323,FALSE,"up",1,FALSE,TRUE,FALSE,TRUE,FALSE,TRUE,3
"IK_AMVYOVYGIJXTQB-UHFFFAOYSA-N",26.1981621489067,FALSE,"up",1,FALSE,TRUE,FALSE,FALSE,FALSE,TRUE,2
"IK_SRVFFFJZQVENJC-IHRRRGAJSA-N",26.1966986666276,FALSE,"down",1,FALSE,TRUE,FALSE,FALSE,FALSE,TRUE,2
"IK_GQPDNUJLVOFHSX-UHFFFAOYSA-N",26.186088420104,FALSE,"up",1,FALSE,TRUE,FALSE,FALSE,FALSE,TRUE,2
"IK_RNVHHPUYELVHRE-GLRLOKQVSA-N",26.1796533707528,FALSE,"down",1,TRUE,TRUE,FALSE,FALSE,FALSE,TRUE,2
"IK_RRCGNPRHZQPOOT-FFBSXHGNSA-N",26.1754781735805,FALSE,"up",1,FALSE,TRUE,FALSE,FALSE,FALSE,TRUE,2
"IK_NCGLTZSBTFVVAW-KNXRZYMVSA-N",26.164867927057,FALSE,"down",1,FALSE,TRUE,FALSE,FALSE,FALSE,TRUE,2
"IK_FEZNRZLARONEKO-VHGXFIKMSA-N",26.1563797298381,FALSE,"up",1,FALSE,TRUE,TRUE,FALSE,FALSE,TRUE,3
"IK_IXORZMNAPKEEDV-UHFFFAOYSA-N",26.1542576805334,FALSE,"up",1,FALSE,TRUE,FALSE,FALSE,FALSE,TRUE,2
"IK_LWWIYCLYWKAKRR-HSUXUTPPSA-N",26.1457694833146,FALSE,"down",1,FALSE,TRUE,FALSE,TRUE,FALSE,TRUE,3
"IK_AUVVAXYIELKVAI-CKBKHPSWSA-N",26.135159236791,FALSE,"down",1,FALSE,TRUE,FALSE,FALSE,TRUE,TRUE,3
"IK_PJANXHGTPQOBST-UHFFFAOYSA-N",26.113938743744,FALSE,"up",1,FALSE,TRUE,FALSE,FALSE,TRUE,TRUE,3
"IK_GUGSXATYPSGVAY-GCXXXECGSA-N",26.1012064479157,FALSE,"down",1,FALSE,TRUE,FALSE,FALSE,FALSE,TRUE,2
"IK_XURBWYCGQQXTHJ-UHFFFAOYSA-N",26.0821080041733,FALSE,"down",1,FALSE,TRUE,TRUE,FALSE,FALSE,TRUE,3
"IK_GMXQUOKWLVCFEG-UHFFFAOYSA-N",26.0799859548686,FALSE,"down",1,FALSE,TRUE,FALSE,FALSE,FALSE,TRUE,2
"IK_LEQAKWQJCITZNK-AXHKHJLKSA-N",26.0799859548686,FALSE,"down",1,TRUE,TRUE,FALSE,FALSE,FALSE,TRUE,2
"IK_SCBBSJMAPKXHAH-QTSLKERKSA-N",26.0693757083451,FALSE,"down",1,FALSE,TRUE,FALSE,FALSE,FALSE,TRUE,2
"IK_XALSUNLRNHITKL-FVGYRXGTSA-N",26.0356138521047,FALSE,NA,1,FALSE,TRUE,FALSE,FALSE,FALSE,TRUE,2
"IK_IWSYJJNDWNKMJD-WFPKBTJNSA-N",26.0290567715556,FALSE,"up",1,FALSE,TRUE,TRUE,FALSE,FALSE,TRUE,3
"UNKNOWN_ROW__24167579__unknown_102",26.0232394294962,FALSE,"up",1,FALSE,FALSE,FALSE,FALSE,FALSE,FALSE,0
"UNKNOWN_ROW__24167579__unknown_124",26.0232394294962,FALSE,"up",1,FALSE,FALSE,FALSE,FALSE,FALSE,FALSE,0
"UNKNOWN_ROW__24167579__unknown_129",26.0232394294962,FALSE,"up",1,FALSE,FALSE,FALSE,FALSE,FALSE,FALSE,0
"UNKNOWN_ROW__24167579__unknown_137",26.0232394294962,FALSE,"up",1,FALSE,FALSE,FALSE,FALSE,FALSE,FALSE,0
"IK_NPDSHTNEKLQQIJ-UINYOVNOSA-N",25.9866157854614,FALSE,"up",1,FALSE,TRUE,FALSE,FALSE,TRUE,TRUE,3
"IK_CYYZDBDROVLTJU-UHFFFAOYSA-N",25.9760055389379,FALSE,"up",1,FALSE,TRUE,FALSE,FALSE,TRUE,TRUE,3
"IK_LXJXRIRHZLFYRP-UHFFFAOYSA-N",25.9603674611583,FALSE,NA,1,FALSE,TRUE,FALSE,FALSE,FALSE,TRUE,2
"IK_JXZJRYDTSDCGLO-UHFFFAOYSA-N",25.9420527500626,FALSE,"down",1,FALSE,TRUE,FALSE,FALSE,FALSE,TRUE,2
"IK_JLXVRFDTDUGQEE-YFKPBYRVSA-N",25.931442503539,FALSE,"down",1,FALSE,TRUE,FALSE,FALSE,FALSE,TRUE,2
"IK_CGJRRBRZLXHAHM-PCDBCJAOSA-N",25.9017338132731,FALSE,"up",1,FALSE,TRUE,TRUE,FALSE,FALSE,TRUE,3
"IK_JXQFDWGMBSZKSE-LPCYUWLXSA-N",25.9017338132731,FALSE,"down",1,FALSE,TRUE,TRUE,FALSE,FALSE,TRUE,3
"IK_IJKKTQLUXOILBQ-ZBHICJROSA-N",25.8890015174448,FALSE,"up",1,FALSE,TRUE,FALSE,FALSE,FALSE,TRUE,2
"IK_SLNYBUIEAMRFSZ-UHFFFAOYSA-N",25.8783912709213,FALSE,"down",1,FALSE,TRUE,FALSE,FALSE,FALSE,TRUE,2
"IK_BLERHOKJGPAHCL-UHFFFAOYSA-N",25.8677810243978,FALSE,"up",1,FALSE,TRUE,FALSE,FALSE,FALSE,TRUE,2
"IK_AFWVBXLXFDAISA-GPRPIQDKSA-N",25.8592928271789,FALSE,"up",1,FALSE,TRUE,FALSE,FALSE,TRUE,TRUE,3
"IK_CYIDZMCFTVVTJO-UHFFFAOYSA-N",25.8592928271789,FALSE,"down",1,FALSE,TRUE,FALSE,FALSE,TRUE,TRUE,3
"IK_WTSNEXSNFSFTFK-DJGAMQLYSA-N",25.8571707778742,FALSE,"down",1,FALSE,TRUE,FALSE,FALSE,FALSE,TRUE,2
"IK_CYIQBIVJURIZDH-FEBNUDBRSA-N",25.8465605313507,FALSE,"up",1,FALSE,TRUE,FALSE,FALSE,FALSE,TRUE,2
"IK_FDMKIGKOMRSCAW-NEPJUHHUSA-N",25.8253400383036,FALSE,"up",1,FALSE,TRUE,FALSE,FALSE,FALSE,TRUE,2
"IK_RGIBXDHONMXTLI-UHFFFAOYSA-N",25.8168518410848,FALSE,"up",1,FALSE,TRUE,FALSE,FALSE,TRUE,TRUE,3
"IK_OSCJFAHVJDDMFL-UHFFFAOYSA-N",25.81472979178,FALSE,"up",1,FALSE,TRUE,FALSE,FALSE,FALSE,TRUE,2
"IK_HUGUUANDTOCOMR-VYAVKELMSA-N",25.7956313480377,FALSE,"up",1,FALSE,TRUE,TRUE,FALSE,FALSE,TRUE,3
"IK_KHPXUQMNIQBQEV-UHFFFAOYSA-N",25.7850211015141,FALSE,"up",1,FALSE,TRUE,FALSE,FALSE,TRUE,TRUE,3
"NO_INCHIKEY__possible steroid",25.7733498303382,FALSE,"up",1,FALSE,FALSE,FALSE,FALSE,FALSE,FALSE,0
"IK_KVUAQCKXYIJBCP-BUFOXMIFSA-N",25.7722888056859,FALSE,"up",1,FALSE,TRUE,FALSE,FALSE,FALSE,TRUE,2
"IK_UWHCKWNPWKTMBM-WDCWCFNPSA-N",25.7616785591623,FALSE,"down",1,FALSE,TRUE,FALSE,FALSE,FALSE,TRUE,2
"IK_KBOVKDIBOBQLRS-QCNAHCIUSA-N",25.7510683126388,FALSE,"up",1,FALSE,TRUE,FALSE,FALSE,FALSE,TRUE,2
"IK_PGFGQDBBWSVMED-AVQMFFATSA-N",25.7404580661152,FALSE,"down",1,FALSE,TRUE,FALSE,FALSE,FALSE,TRUE,2
"IK_SKXLWWDOLOXKRN-YJSWQQQJSA-N",25.7319698688964,FALSE,"down",1,FALSE,TRUE,TRUE,FALSE,FALSE,TRUE,3
"IK_SQMGCPHFHQGPIF-JIOYIOPFSA-N",25.7213596223729,FALSE,"up",1,FALSE,TRUE,FALSE,FALSE,TRUE,TRUE,3
"IK_FKLSJDGSSFEPLD-AATRIKPKSA-N",25.6980170800211,FALSE,"down",1,FALSE,TRUE,FALSE,FALSE,FALSE,TRUE,2
"IK_PYZZIILDSAJNLZ-QZNPSGCDSA-N",25.6895288828022,FALSE,"up",1,FALSE,TRUE,FALSE,FALSE,TRUE,TRUE,3
"IK_ADUKCCWBEDSMEB-NSHDSACASA-N",25.6683083897551,FALSE,"up",1,FALSE,TRUE,FALSE,FALSE,TRUE,TRUE,3
"IK_HSHNITRMYYLLCV-UHFFFAOYSA-N",25.6667376292052,FALSE,NA,1,FALSE,TRUE,FALSE,FALSE,FALSE,TRUE,2
"IK_PHBYJTASVSXTSS-QKMQXXATSA-N",25.6576981432316,FALSE,"up",1,FALSE,TRUE,TRUE,FALSE,FALSE,TRUE,3
"IK_ALYNCZNDIQEVRV-UHFFFAOYSA-N",25.6554292699087,FALSE,NA,1,FALSE,TRUE,FALSE,FALSE,FALSE,TRUE,2
"IK_IJLBJBCDNYOWPJ-MVMUGOIMSA-N",25.6554292699087,FALSE,NA,1,FALSE,TRUE,FALSE,FALSE,FALSE,TRUE,2
"IK_KFQUAMTWOJHPEJ-DAGMQNCNSA-N",25.6554292699087,FALSE,NA,1,FALSE,TRUE,FALSE,FALSE,FALSE,TRUE,2
"IK_KXXJEDOBYWNPME-UHFFFAOYSA-N",25.6554292699087,FALSE,NA,1,FALSE,TRUE,FALSE,FALSE,FALSE,TRUE,2
"IK_MRNRLEVLPFVWRY-UHFFFAOYSA-N",25.6554292699087,FALSE,NA,1,FALSE,TRUE,FALSE,FALSE,FALSE,TRUE,2
"IK_NFCOJBIECSQMAM-JQISRXLJSA-N",25.6554292699087,FALSE,NA,1,FALSE,TRUE,FALSE,FALSE,FALSE,TRUE,2
"IK_OPWAZQSWJQLOAK-UHFFFAOYSA-N",25.6554292699087,FALSE,NA,1,FALSE,TRUE,FALSE,FALSE,FALSE,TRUE,2
"IK_SFXQCOMMEMBETJ-KPKJPENVSA-N",25.6554292699087,FALSE,NA,1,FALSE,TRUE,FALSE,FALSE,FALSE,TRUE,2
"IK_WBIQQQGBSDOWNP-UHFFFAOYSA-N",25.6554292699087,FALSE,NA,1,FALSE,TRUE,FALSE,FALSE,FALSE,TRUE,2
"IK_XLVRFPVHQPHXAA-LJQANCHMSA-N",25.6554292699087,FALSE,NA,1,FALSE,TRUE,FALSE,FALSE,FALSE,TRUE,2
"IK_YCHOPPKXFCUQHM-OMSIYMKDSA-N",25.6554292699087,FALSE,NA,1,FALSE,TRUE,FALSE,FALSE,FALSE,TRUE,2
"IK_ZAVCUVYFGQXSRX-FYWRMAATSA-N",25.6554292699087,FALSE,NA,1,FALSE,TRUE,FALSE,FALSE,FALSE,TRUE,2
"IK_ZYOUEEMPKPNVQW-UHFFFAOYSA-N",25.6554292699087,FALSE,NA,1,FALSE,TRUE,FALSE,FALSE,FALSE,TRUE,2
"IK_OLVZVPBWPSBRNF-UHFFFAOYSA-N",25.6470878967081,FALSE,"up",1,FALSE,TRUE,TRUE,FALSE,FALSE,TRUE,3
"IK_WSOXREPRCVQMSJ-UHFFFAOYSA-N",25.6343556008798,FALSE,"up",1,FALSE,TRUE,FALSE,FALSE,FALSE,TRUE,2
"IK_QCYVUUAIJUUUPI-BBVRLYRLSA-N",25.625867403661,FALSE,"up",1,FALSE,TRUE,FALSE,FALSE,TRUE,TRUE,3
"IK_UPSPUYADGBWSHF-UHFFFAOYSA-N",25.625867403661,FALSE,"up",1,TRUE,TRUE,FALSE,FALSE,TRUE,TRUE,3
"IK_WFUAUEQXPVNAEF-ZJDVBMNYSA-N",25.6237453543563,FALSE,"down",1,FALSE,TRUE,FALSE,FALSE,FALSE,TRUE,2
"IK_QNGQIURXCUHNAT-UHFFFAOYSA-N",25.6152571571374,FALSE,"up",1,FALSE,TRUE,FALSE,FALSE,TRUE,TRUE,3
"IK_UXDIXFDKSPCUIX-AXFHLTTASA-N",25.6046469106139,FALSE,"up",1,FALSE,TRUE,FALSE,FALSE,TRUE,TRUE,3
"IK_MDIUMSLCYIJBQC-MVFSOIOZSA-N",25.6025248613092,FALSE,"up",1,FALSE,TRUE,FALSE,FALSE,FALSE,TRUE,2
"IK_YKRGDOXKVOZESV-WRJNSLSBSA-N",25.5940366640903,FALSE,"up",1,FALSE,TRUE,FALSE,FALSE,TRUE,TRUE,3
"IK_NTNWOCRCBQPEKQ-YFKPBYRVSA-N",25.5919146147856,FALSE,"up",1,FALSE,TRUE,FALSE,FALSE,FALSE,TRUE,2
"IK_UGCOPUIBNABIEP-UHFFFAOYSA-N",25.5834264175668,FALSE,"up",1,FALSE,TRUE,FALSE,TRUE,FALSE,TRUE,3
"IK_LVCMXFSJTNPFHH-FRCNGJHJSA-N",25.5813043682621,FALSE,"up",1,FALSE,TRUE,FALSE,FALSE,FALSE,TRUE,2
"IK_CULUWZNBISUWAS-UHFFFAOYSA-N",25.5706941217386,FALSE,"down",1,TRUE,TRUE,FALSE,FALSE,FALSE,TRUE,2
"IK_XJLSEXAGTJCILF-YFKPBYRVSA-N",25.5700575957594,FALSE,NA,1,FALSE,TRUE,FALSE,FALSE,FALSE,TRUE,2
"IK_UCMIRNVEIXFBKS-UHFFFAOYSA-N",25.5645437754486,FALSE,"up",1,FALSE,TRUE,FALSE,FALSE,TRUE,TRUE,3
"IK_GYJSAWZGYQXRBS-GRJZKGIBSA-N",25.5622059245197,FALSE,"up",1,FALSE,TRUE,FALSE,TRUE,FALSE,TRUE,3
"IK_CAWXEEYDBZRFPE-UHFFFAOYSA-N",25.5409854314726,FALSE,"up",1,FALSE,TRUE,FALSE,FALSE,TRUE,TRUE,3
"IK_CDICDSOGTRCHMG-ONEGZZNKSA-N",25.5352368657789,FALSE,NA,1,FALSE,TRUE,FALSE,FALSE,FALSE,TRUE,2
"IK_ASMYXLDPYBVDFS-UHFFFAOYSA-N",25.5282531356444,FALSE,"up",1,FALSE,TRUE,FALSE,FALSE,FALSE,TRUE,2
"IK_DVBUFRRUKPQWBU-UHFFFAOYSA-N",25.5070326425973,FALSE,"up",1,FALSE,TRUE,FALSE,FALSE,FALSE,TRUE,2
"IK_PTOJXIKSKSASRB-UHFFFAOYSA-O",25.4985444453785,FALSE,"up",1,FALSE,TRUE,FALSE,FALSE,TRUE,TRUE,3
"IK_QDMOINLDXCZCEK-JTQLQIEISA-N",25.4964223960738,FALSE,"down",1,FALSE,TRUE,FALSE,FALSE,FALSE,TRUE,2
"IK_MJEQLGCFPLHMNV-UHFFFAOYSA-N",25.4773239523314,FALSE,"down",1,FALSE,TRUE,FALSE,FALSE,TRUE,TRUE,3
"IK_UGRNVLGKAGREKS-UHFFFAOYSA-N",25.4752019030267,FALSE,"up",1,FALSE,TRUE,FALSE,FALSE,FALSE,TRUE,2
"IK_VELYAQRXBJLJAK-XKKWFBPMSA-N",25.4752019030267,FALSE,"up",1,FALSE,TRUE,FALSE,FALSE,FALSE,TRUE,2
"IK_ZJKWJHONFFKJHG-UHFFFAOYSA-N",25.4645916565031,FALSE,"up",1,FALSE,TRUE,FALSE,FALSE,FALSE,TRUE,2
"IK_ZHZKWZJLUNXOSN-LOCIZFEWSA-N",25.4561034592843,FALSE,"up",1,FALSE,TRUE,FALSE,FALSE,TRUE,TRUE,3
"IK_ZREXGWPJFRJAJU-SWESGNQDSA-N",25.4539814099796,FALSE,"up",1,FALSE,TRUE,FALSE,FALSE,FALSE,TRUE,2
"IK_NYLNHNDMNOPWAZ-ZLEFDVGRSA-N",25.443371163456,FALSE,"up",1,FALSE,TRUE,FALSE,FALSE,FALSE,TRUE,2
"IK_QNLZRVLANLZEAS-FRJJSQGGSA-N",25.4242727197137,FALSE,"down",1,FALSE,TRUE,TRUE,FALSE,FALSE,TRUE,3
"IK_GHBFNMLVSPCDGN-UHFFFAOYSA-N",25.4115404238854,FALSE,"up",1,FALSE,TRUE,FALSE,FALSE,FALSE,TRUE,2
"IK_HCJXCECWFHKWJZ-PVXQIPPMSA-N",25.392441980143,FALSE,"up",1,FALSE,TRUE,TRUE,FALSE,FALSE,TRUE,3
"IK_BRTSNYPDACNMIP-FAWZKKEFSA-N",25.392441980143,FALSE,"up",1,TRUE,TRUE,FALSE,FALSE,TRUE,TRUE,3
"IK_DJXRIQMCROIRCZ-XOEOCAAJSA-N",25.3372686982206,FALSE,"up",1,TRUE,TRUE,FALSE,FALSE,FALSE,TRUE,2
"IK_LNQVTSROQXJCDD-KQYNXXCUSA-N",25.3287805010018,FALSE,"down",1,FALSE,TRUE,FALSE,FALSE,TRUE,TRUE,3
"IK_PTKSEFOSCHHMPD-UHFFFAOYSA-N",25.3287805010018,FALSE,"up",1,TRUE,TRUE,FALSE,FALSE,TRUE,TRUE,3
"IK_CXKKSSKKIOZUNR-ZLUOBGJFSA-N",25.3075600079547,FALSE,"down",1,FALSE,TRUE,FALSE,FALSE,TRUE,TRUE,3
"IK_TUZYXOIXSAXUGO-PZAWKZKUSA-N",25.2969497614311,FALSE,"up",1,TRUE,TRUE,FALSE,FALSE,TRUE,TRUE,3
"IK_MQEBEBZYRKXMDL-UHFFFAOYSA-N",25.2948277121264,FALSE,"up",1,FALSE,TRUE,FALSE,FALSE,FALSE,TRUE,2
"IK_OZIOWHWTZWIMCZ-MPUPURDASA-N",25.2736072190794,FALSE,"down",1,FALSE,TRUE,FALSE,FALSE,FALSE,TRUE,2
"IK_AXRIHSJZHOTGAE-ATZCPNFKSA-N",25.2651190218605,FALSE,"down",1,FALSE,TRUE,FALSE,FALSE,TRUE,TRUE,3
"IK_SEALOBQTUQIVGU-QNIJNHAOSA-N",25.2616432514476,TRUE,"down",2,TRUE,TRUE,FALSE,FALSE,TRUE,TRUE,3
"IK_MRRFMOUCAPXWJC-SSCJOAGESA-N",25.2438985288134,FALSE,"up",1,FALSE,TRUE,TRUE,FALSE,FALSE,TRUE,3
"IK_ANKFPIBCTISOBX-UHFFFAOYSA-N",25.2417764795087,FALSE,"down",1,FALSE,TRUE,FALSE,FALSE,FALSE,TRUE,2
"IK_GAGYTXTVUMXAOC-RRKCRQDMSA-N",25.2417764795087,FALSE,"down",1,FALSE,TRUE,FALSE,FALSE,FALSE,TRUE,2
"IK_MMKRHZKQPFCLLS-UHFFFAOYSA-N",25.2417764795087,FALSE,"up",1,FALSE,TRUE,FALSE,FALSE,FALSE,TRUE,2
"IK_SCNLFUNUYBVROO-JNDMGLSPSA-N",25.2332882822899,FALSE,"up",1,FALSE,TRUE,TRUE,FALSE,FALSE,TRUE,3
"IK_ITZMJCSORYKOSI-AJNGGQMLSA-N",25.2205559864616,FALSE,"down",1,FALSE,TRUE,FALSE,FALSE,FALSE,TRUE,2
"IK_VOCBWIIFXDYGNZ-IXKNJLPQSA-N",25.2120677892428,FALSE,"up",1,TRUE,TRUE,FALSE,FALSE,TRUE,TRUE,3
"IK_BJRNKVDFDLYUGJ-RMPHRYRLSA-N",25.2014575427193,FALSE,"down",1,FALSE,TRUE,FALSE,FALSE,TRUE,TRUE,3
"IK_GJSURZIOUXUGAL-UHFFFAOYSA-N",25.198603752275,FALSE,"up",1,FALSE,TRUE,FALSE,FALSE,FALSE,TRUE,2
"IK_URTBCBICNCMCPB-CWUOWYQYSA-N",25.1986007614776,FALSE,NA,1,FALSE,TRUE,FALSE,FALSE,FALSE,TRUE,2
"IK_DGMPVYSXXIOGJY-UHFFFAOYSA-N",25.1908472961957,FALSE,"down",1,FALSE,TRUE,FALSE,FALSE,TRUE,TRUE,3
"IK_GVUVRRPYYDHHGK-UHFFFAOYSA-N",25.1781150003675,FALSE,"down",1,FALSE,TRUE,FALSE,FALSE,FALSE,TRUE,2
"IK_IZXYHAXVIZHGJV-UHFFFAOYSA-N",25.1675047538439,FALSE,"up",1,FALSE,TRUE,FALSE,FALSE,FALSE,TRUE,2
"IK_FSBLXTAIINGBJY-YBEGLDIGSA-N",25.1568945073204,FALSE,"down",1,FALSE,TRUE,FALSE,FALSE,FALSE,TRUE,2
"IK_ZXJIQOBYRBTOLH-UHFFFAOYSA-N",25.1271858170545,FALSE,"up",1,FALSE,TRUE,TRUE,FALSE,FALSE,TRUE,3
"IK_MVVPIAAVGAWJNQ-CGRWFSSPSA-N",25.1250637677498,FALSE,"down",1,FALSE,TRUE,FALSE,FALSE,FALSE,TRUE,2
"IK_GHHURQMJLARIDK-UHFFFAOYSA-N",25.1144535212262,FALSE,"up",1,FALSE,TRUE,FALSE,FALSE,FALSE,TRUE,2
"IK_JYLWKPPSBSYYNP-YMGFZKSCSA-N",25.1059653240074,FALSE,"down",1,FALSE,TRUE,TRUE,FALSE,FALSE,TRUE,3
"IK_JVZRCNQLWOELDU-UHFFFAOYSA-N",25.0847448309603,FALSE,"down",1,FALSE,TRUE,FALSE,FALSE,TRUE,TRUE,3
"NO_INCHIKEY__pc 38 5 isomer a",25.0846857470304,FALSE,"up",1,FALSE,FALSE,FALSE,FALSE,FALSE,FALSE,0
"IK_CGIURIOFMWUPSV-RUQPETGGSA-N",25.0741345844367,FALSE,"down",1,FALSE,TRUE,FALSE,TRUE,FALSE,TRUE,3
"IK_GTEPPJFJSNSNIH-UHFFFAOYSA-N",25.072012535132,FALSE,"down",1,FALSE,TRUE,FALSE,FALSE,FALSE,TRUE,2
"IK_JXNRXNCCROJZFB-RYUDHWBXSA-N",25.0635243379132,FALSE,"down",1,FALSE,TRUE,FALSE,FALSE,TRUE,TRUE,3
"IK_GHBNZZJYBXQAHG-KUVSNLSMSA-N",25.0614022886085,FALSE,"up",1,FALSE,TRUE,FALSE,FALSE,FALSE,TRUE,2
"IK_JQVDAXLFBXTEQA-UHFFFAOYSA-N",25.0529140913897,FALSE,"up",1,FALSE,TRUE,FALSE,FALSE,TRUE,TRUE,3
"IK_NHAJHKARKKFXMR-UHFFFAOYSA-N",25.0295715490379,FALSE,"down",1,FALSE,TRUE,FALSE,FALSE,FALSE,TRUE,2
"IK_QNRRHYPPQFELSF-CNYIRLTGSA-N",25.0104731052955,FALSE,"down",1,TRUE,TRUE,FALSE,FALSE,TRUE,TRUE,3
"IK_INIIAIIRDKMVMR-UHFFFAOYSA-N",25.0083510559908,FALSE,"up",1,TRUE,TRUE,FALSE,FALSE,FALSE,TRUE,2
"IK_INXWZSVGTHMNEU-FZWLCVONSA-N",25.0083510559908,FALSE,"down",1,FALSE,TRUE,FALSE,FALSE,FALSE,TRUE,2
"IK_ZGKDAEWLTNBSEJ-GHMZBOCLSA-N",24.9998628587719,FALSE,"up",1,FALSE,TRUE,TRUE,FALSE,FALSE,TRUE,3
"IK_KVMOASQARMCFEX-OBEJFMRTSA-N",24.9786423657249,FALSE,"down",1,FALSE,TRUE,TRUE,FALSE,FALSE,TRUE,3
"IK_AJWIFVNLXHFTFD-NSCUHMNNSA-N",24.9659100698966,FALSE,"up",1,FALSE,TRUE,FALSE,FALSE,FALSE,TRUE,2
"IK_KEYDJKSQFDUAGF-YIRKRNQHSA-N",24.9659100698966,FALSE,"up",1,FALSE,TRUE,FALSE,FALSE,FALSE,TRUE,2
"IK_QVHPTAJAHUONLV-DYKIIFRCSA-N",24.9446895768495,FALSE,"down",1,FALSE,TRUE,FALSE,FALSE,FALSE,TRUE,2
"IK_GKGOLPMYJJXRGD-UHFFFAOYSA-N",24.9234690838024,FALSE,"down",1,FALSE,TRUE,FALSE,FALSE,FALSE,TRUE,2
"IK_HZCBCWUIZCCMEB-HUSZLGJPSA-N",24.9149808865836,FALSE,"up",1,FALSE,TRUE,FALSE,FALSE,TRUE,TRUE,3
"IK_JGTPDCCLPDSJED-FXJFPKDASA-N",24.9128588372789,FALSE,"up",1,FALSE,TRUE,FALSE,FALSE,FALSE,TRUE,2
"IK_JALVTHFTYRPDMB-HRRTYWNUSA-N",24.9022485907553,FALSE,"down",1,FALSE,TRUE,FALSE,FALSE,FALSE,TRUE,2
"IK_RSAHICAPUYTWHW-UHFFFAOYSA-N",24.8937603935365,FALSE,"down",1,FALSE,TRUE,FALSE,FALSE,TRUE,TRUE,3
"IK_MRUAUOIMASANKQ-UHFFFAOYSA-N",24.883150147013,FALSE,"up",1,FALSE,TRUE,TRUE,FALSE,FALSE,TRUE,3
"IK_YYELLDKEOUKVIQ-UHFFFAOYSA-N",24.8725399004894,FALSE,"up",1,FALSE,TRUE,FALSE,TRUE,FALSE,TRUE,3
"IK_JYPCXBJRLBHWME-IUCAKERBSA-N",24.8704178511847,FALSE,"up",1,FALSE,TRUE,FALSE,FALSE,FALSE,TRUE,2
"IK_VSLCIGXQLCYQTD-NPJQDHAYSA-N",24.8704178511847,FALSE,"up",1,FALSE,TRUE,FALSE,FALSE,FALSE,TRUE,2
"IK_SFLDCCXGUXPHRG-VKXIRHRZSA-N",24.8619296539659,FALSE,"up",1,FALSE,TRUE,TRUE,FALSE,FALSE,TRUE,3
"NO_INCHIKEY__5 beta androstan 3 alpha ol 17 one sulfate",24.8287409520345,FALSE,"down",1,FALSE,FALSE,FALSE,FALSE,FALSE,FALSE,0
"IK_VHVOLFRBFDOUSH-NSCUHMNNSA-N",24.8194886678717,FALSE,"up",1,FALSE,TRUE,FALSE,FALSE,TRUE,TRUE,3
"IK_CPKWYFUGBHLPGR-SXFWLWNESA-N",24.7961461255199,FALSE,"up",1,FALSE,TRUE,FALSE,FALSE,FALSE,TRUE,2
"IK_PKSATBKOULRIBB-PYCGOTNYSA-N",24.7770476817775,FALSE,"up",1,FALSE,TRUE,TRUE,FALSE,FALSE,TRUE,3
"IK_XHMGEKKHSKIGMI-BDBJOHPESA-N",24.7643153859493,FALSE,"up",1,FALSE,TRUE,FALSE,FALSE,FALSE,TRUE,2
"IK_HDHQZCHIXUUSMK-UHFFFAOYSA-N",24.7558271887304,FALSE,"down",1,FALSE,TRUE,FALSE,FALSE,TRUE,TRUE,3
"IK_PIXFHVWJOVNKQK-CJWOFWMHSA-N",24.7537051394257,FALSE,"down",1,FALSE,TRUE,FALSE,FALSE,FALSE,TRUE,2
"IK_HPHXOIULGYVAKW-IOSLPCCCSA-N",24.7430948929022,FALSE,"up",1,FALSE,TRUE,FALSE,FALSE,FALSE,TRUE,2
"IK_OLBNOBQOQZRLMP-UHFFFAOYSA-N",24.7324846463787,FALSE,"up",1,FALSE,TRUE,FALSE,FALSE,FALSE,TRUE,2
"IK_NGHVIOIJCVXTGV-ALEPSDHESA-N",24.7027759561127,FALSE,NA,1,FALSE,TRUE,FALSE,FALSE,TRUE,TRUE,3
"IK_VTDZILAWJJXPEL-UHFFFAOYSA-N",24.700653906808,FALSE,"up",1,FALSE,TRUE,FALSE,FALSE,FALSE,TRUE,2
"IK_QXGVRGZJILVMDF-UHFFFAOYSA-N",24.6709452165421,FALSE,NA,1,FALSE,TRUE,FALSE,TRUE,FALSE,TRUE,3
"IK_PMKQSEYPLQIEAY-YWNRKNDBSA-N",24.6603349700186,FALSE,NA,1,FALSE,TRUE,FALSE,FALSE,TRUE,TRUE,3
"IK_OUAPULXYUWUOHW-UHFFFAOYSA-N",24.6582129207139,FALSE,"down",1,FALSE,TRUE,FALSE,FALSE,FALSE,TRUE,2
"IK_YYIUHLPAZILPSG-SMILAEQMSA-N",24.6178939839244,FALSE,NA,1,FALSE,TRUE,FALSE,FALSE,TRUE,TRUE,3
"IK_GVRKWABULJAONN-VQVTYTSYSA-N",24.614407911412,FALSE,"up",1,FALSE,TRUE,FALSE,FALSE,FALSE,TRUE,2
"IK_ICLWTJIMXVISSR-UHFFFAOYSA-N",24.6051616880961,FALSE,"up",1,FALSE,TRUE,FALSE,FALSE,FALSE,TRUE,2
"IK_RPZOFMHRRHHDPZ-UHFFFAOYSA-N",24.6051616880961,FALSE,"down",1,FALSE,TRUE,FALSE,FALSE,FALSE,TRUE,2
"IK_FGYKUFVNYVMTAM-WAZJVIJMSA-N",24.5966734908773,FALSE,NA,1,FALSE,TRUE,FALSE,FALSE,TRUE,TRUE,3
"IK_OBSIPTVJSOCDLZ-UHFFFAOYSA-N",24.562720702002,FALSE,"down",1,FALSE,TRUE,FALSE,FALSE,FALSE,TRUE,2
"IK_VFBPKQSATYZKRX-UHFFFAOYSA-N",24.5542325047831,FALSE,NA,1,FALSE,TRUE,FALSE,FALSE,TRUE,TRUE,3
"IK_TVXJJNJGTDWFLD-TWGQIWQCSA-N",24.5521104554784,FALSE,"down",1,FALSE,TRUE,FALSE,FALSE,FALSE,TRUE,2
"IK_YMXANTWTWUQRLJ-XGZMHBGESA-N",24.533012011736,FALSE,NA,1,FALSE,TRUE,TRUE,FALSE,FALSE,TRUE,3
"IK_BTSTZWOTLKSKHV-ODYTWBPASA-N",24.4990592228607,FALSE,"up",1,FALSE,TRUE,FALSE,FALSE,FALSE,TRUE,2
"IK_HLQYTKUIIJTNHH-JTAGEXAMSA-N",24.4884489763372,FALSE,"down",1,FALSE,TRUE,FALSE,FALSE,FALSE,TRUE,2
"IK_LRQKBLKVPFOOQJ-YFKPBYRVSA-N",24.4799607791183,FALSE,NA,1,FALSE,TRUE,FALSE,FALSE,TRUE,TRUE,3
"IK_KOGRJTUIKPMZEJ-KTKRTIGZSA-N",24.4693505325948,FALSE,NA,1,FALSE,TRUE,FALSE,TRUE,FALSE,TRUE,3
"IK_ZPLOQFLCMVIWRY-UHFFFAOYSA-N",24.4672284832901,FALSE,"up",1,FALSE,TRUE,FALSE,FALSE,FALSE,TRUE,2
"IK_OCAPBUJLXMYKEJ-UHFFFAOYSA-N",24.4611855864106,FALSE,"down",1,TRUE,TRUE,FALSE,FALSE,FALSE,TRUE,2
"IK_WPMWEFXCIYCJSA-UHFFFAOYSA-N",24.4481300395477,FALSE,NA,1,FALSE,TRUE,FALSE,TRUE,FALSE,TRUE,3
"IK_HAEJPQIATWHALX-KQYNXXCUSA-N",24.4435975070522,FALSE,"up",1,FALSE,TRUE,FALSE,FALSE,TRUE,TRUE,3
"IK_LTEJTIXDTAJBOQ-JHHXISLPSA-N",24.4269095465006,FALSE,NA,1,FALSE,TRUE,TRUE,FALSE,FALSE,TRUE,3
"IK_KMUIHDBETHWZBC-UHFFFAOYSA-N",24.4162992999771,FALSE,NA,1,FALSE,TRUE,TRUE,FALSE,FALSE,TRUE,3
"IK_WYVKPHCYMTWUCW-UHFFFAOYSA-N",24.4141772506724,FALSE,"up",1,FALSE,TRUE,FALSE,FALSE,FALSE,TRUE,2
"IK_OXVUXGFZHDKYLS-QUFHAEKXSA-N",24.4056890534535,FALSE,NA,1,FALSE,TRUE,FALSE,FALSE,TRUE,TRUE,3
"IK_VPZKQTYZIVOJDV-LMVFSUKVSA-N",24.4004723204397,FALSE,"up",1,FALSE,TRUE,FALSE,FALSE,FALSE,TRUE,2
"IK_MXWDHKDTQAPDQD-INBLFIHXSA-N",24.3823465111017,FALSE,"down",1,FALSE,TRUE,FALSE,FALSE,FALSE,TRUE,2
"IK_ASSAYFMXRNLTCY-UHFFFAOYSA-N",24.3738583138829,FALSE,NA,1,FALSE,TRUE,FALSE,TRUE,FALSE,TRUE,3
"IK_AUGHPTXZMAWCOH-XGKJNDTMSA-N",24.3526378208358,FALSE,NA,1,FALSE,TRUE,TRUE,FALSE,FALSE,TRUE,3
"IK_SRPXSILJHWNFMK-ZBEGNZNMSA-N",24.3401001723643,FALSE,NA,1,TRUE,TRUE,FALSE,FALSE,FALSE,TRUE,2
"IK_BBIXOODYWPFNDT-CIUDSAMLSA-N",24.3314173277887,FALSE,NA,1,FALSE,TRUE,FALSE,TRUE,FALSE,TRUE,3
"IK_COJBGNAUUSNXHX-UHFFFAOYSA-N",24.329295278484,FALSE,"up",1,FALSE,TRUE,FALSE,FALSE,FALSE,TRUE,2
"IK_KMDRUUGMNYPPJH-UHFFFAOYSA-N",24.2974645389134,FALSE,"down",1,FALSE,TRUE,FALSE,FALSE,FALSE,TRUE,2
"IK_DAFOCGYVTAOKAJ-UHFFFAOYSA-N",24.2889763416946,FALSE,NA,1,FALSE,TRUE,FALSE,FALSE,TRUE,TRUE,3
"IK_XEBKSQSGNGRGDW-YFHOEESVSA-N",24.2868542923899,FALSE,"down",1,FALSE,TRUE,FALSE,FALSE,FALSE,TRUE,2
"IK_OTDARJOVCLILGQ-FPLPWBNLSA-N",24.278366095171,FALSE,NA,1,FALSE,TRUE,TRUE,FALSE,FALSE,TRUE,3
"IK_PTGGMPLMNDBPGB-CXISOLTFSA-N",24.2656337993428,FALSE,"down",1,FALSE,TRUE,FALSE,FALSE,FALSE,TRUE,2
"IK_FQYGGFDZJFIDPU-JRSYHJKYSA-N",24.2550235528192,FALSE,"down",1,FALSE,TRUE,FALSE,FALSE,FALSE,TRUE,2
"IK_OMLWNBVRVJYMBQ-YUMQZZPRSA-N",24.2338030597721,FALSE,"up",1,FALSE,TRUE,FALSE,FALSE,FALSE,TRUE,2
"IK_BDQNKCYCTYYMAA-UHFFFAOYSA-N",24.2019723202015,FALSE,"down",1,FALSE,TRUE,FALSE,FALSE,FALSE,TRUE,2
"IK_KRBJOAIDSTYRMG-UHFFFAOYSA-N",24.2019723202015,FALSE,"down",1,FALSE,TRUE,FALSE,FALSE,FALSE,TRUE,2
"IK_FWNZEKQVBDXWKA-ZCWREFTMSA-N",24.191362073678,FALSE,"up",1,FALSE,TRUE,FALSE,FALSE,FALSE,TRUE,2
"IK_CNJGWCQEGROXEE-UHFFFAOYSA-N",24.1828738764591,FALSE,NA,1,FALSE,TRUE,FALSE,FALSE,TRUE,TRUE,3
"IK_IJBIDDAZNYQSCP-VEHBBKSSSA-N",24.1807518271544,FALSE,"down",1,FALSE,TRUE,FALSE,FALSE,FALSE,TRUE,2
"IK_WBOZIXHPUPAOIA-JZZPSRGZSA-N",24.1750485491329,FALSE,"up",1,FALSE,TRUE,FALSE,FALSE,FALSE,TRUE,2
"IK_HAFVWTUQBYRPOB-QGGNSXJXSA-N",24.1701415806309,FALSE,"up",1,FALSE,TRUE,FALSE,FALSE,FALSE,TRUE,2
"IK_UDSFAEKRVUSQDD-UHFFFAOYSA-N",24.161653383412,FALSE,NA,1,FALSE,TRUE,FALSE,FALSE,TRUE,TRUE,3
"IK_HOVAGTYPODGVJG-VOQCIKJUSA-N",24.139749518555,FALSE,"down",1,FALSE,TRUE,FALSE,FALSE,FALSE,TRUE,2
"IK_HYXQKVOADYPQEA-CIUDSAMLSA-N",24.1383108410603,FALSE,"down",1,FALSE,TRUE,FALSE,FALSE,FALSE,TRUE,2
"IK_GAWUJFVQGSLSSZ-SZRCHTAPSA-N",24.1223954712749,FALSE,"down",1,TRUE,TRUE,FALSE,FALSE,FALSE,TRUE,2
"IK_FBUKVWPVBMHYJY-UHFFFAOYSA-N",24.0906186821104,FALSE,NA,1,FALSE,TRUE,FALSE,FALSE,TRUE,TRUE,3
"IK_HKJOYARIOKGODS-UHFFFAOYSA-N",24.0852596084425,FALSE,"up",1,FALSE,TRUE,FALSE,FALSE,FALSE,TRUE,2
"IK_PNHLMHWWFOPQLK-BKUUWRAGSA-N",24.0767714112237,FALSE,NA,1,FALSE,TRUE,FALSE,FALSE,TRUE,TRUE,3
"IK_URVGHNOQCRQJTD-MELXFHLESA-N",24.0640391153954,FALSE,"down",1,FALSE,TRUE,FALSE,FALSE,FALSE,TRUE,2
"IK_HPHUVLMMVZITSG-UHFFFAOYSA-N",24.0555509181766,FALSE,NA,1,FALSE,TRUE,FALSE,FALSE,TRUE,TRUE,3
"UNKNOWN_ROW__24167579__unknown_100",24.0241226362327,FALSE,"up",1,FALSE,FALSE,FALSE,FALSE,FALSE,FALSE,0
"UNKNOWN_ROW__24167579__unknown_101",24.0241226362327,FALSE,"up",1,FALSE,FALSE,FALSE,FALSE,FALSE,FALSE,0
"UNKNOWN_ROW__24167579__unknown_107",24.0241226362327,FALSE,"up",1,FALSE,FALSE,FALSE,FALSE,FALSE,FALSE,0
"UNKNOWN_ROW__24167579__unknown_108",24.0241226362327,FALSE,"up",1,FALSE,FALSE,FALSE,FALSE,FALSE,FALSE,0
"UNKNOWN_ROW__24167579__unknown_109",24.0241226362327,FALSE,"up",1,FALSE,FALSE,FALSE,FALSE,FALSE,FALSE,0
"UNKNOWN_ROW__24167579__unknown_111",24.0241226362327,FALSE,"up",1,FALSE,FALSE,FALSE,FALSE,FALSE,FALSE,0
"UNKNOWN_ROW__24167579__unknown_112",24.0241226362327,FALSE,"up",1,FALSE,FALSE,FALSE,FALSE,FALSE,FALSE,0
"UNKNOWN_ROW__24167579__unknown_117",24.0241226362327,FALSE,"up",1,FALSE,FALSE,FALSE,FALSE,FALSE,FALSE,0
"UNKNOWN_ROW__24167579__unknown_122",24.0241226362327,FALSE,"down",1,FALSE,FALSE,FALSE,FALSE,FALSE,FALSE,0
"UNKNOWN_ROW__24167579__unknown_186",24.0241226362327,FALSE,"down",1,FALSE,FALSE,FALSE,FALSE,FALSE,FALSE,0
"UNKNOWN_ROW__24167579__unknown_97",24.0241226362327,FALSE,"up",1,FALSE,FALSE,FALSE,FALSE,FALSE,FALSE,0
"UNKNOWN_ROW__24167579__unknown_98",24.0241226362327,FALSE,"up",1,FALSE,FALSE,FALSE,FALSE,FALSE,FALSE,0
"UNKNOWN_ROW__24167579__unknown_99",24.0241226362327,FALSE,"up",1,FALSE,FALSE,FALSE,FALSE,FALSE,FALSE,0
"IK_LBGFKUUHOPIEMA-PEARBKPGSA-N",24.0109878827777,FALSE,"up",1,TRUE,TRUE,FALSE,FALSE,FALSE,TRUE,2
"IK_KRVDMABBKYMBHG-UHFFFAOYSA-N",24.0024996855589,FALSE,NA,1,FALSE,TRUE,FALSE,FALSE,TRUE,TRUE,3
"IK_KXLSJQTXSAYFDL-VAWYXSNFSA-N",23.9897673897307,FALSE,"down",1,FALSE,TRUE,FALSE,FALSE,FALSE,TRUE,2
"IK_ABDMBNAKYBUEEX-QCLAVDOMSA-N",23.9812791925118,FALSE,NA,1,FALSE,TRUE,FALSE,FALSE,TRUE,TRUE,3
"IK_PAHMCFUSNIRFHK-UKPQPXGPSA-N",23.9600586994647,FALSE,NA,1,FALSE,TRUE,TRUE,FALSE,FALSE,TRUE,3
"IK_VGRHZPNRCLAHQA-UHFFFAOYSA-N",23.95793665016,FALSE,"up",1,FALSE,TRUE,FALSE,FALSE,FALSE,TRUE,2
"IK_XBVUKAHAVXVVAD-UHFFFAOYSA-N",23.9494484529412,FALSE,NA,1,FALSE,TRUE,FALSE,TRUE,FALSE,TRUE,3
"IK_DGBYUHHIADYUMU-UESLNCBNSA-N",23.9388382064176,FALSE,NA,1,FALSE,TRUE,TRUE,FALSE,FALSE,TRUE,3
"IK_ASBJGPTTYPEMLP-UWTATZPHSA-N",23.9282279598941,FALSE,NA,1,FALSE,TRUE,FALSE,FALSE,TRUE,TRUE,3
"IK_FYYIUODUDSPAJQ-XVBQNVSMSA-N",23.9261059105894,FALSE,"down",1,FALSE,TRUE,FALSE,FALSE,FALSE,TRUE,2
"NO_INCHIKEY__ser ser oh",23.92186181198,FALSE,"down",1,FALSE,FALSE,FALSE,FALSE,FALSE,FALSE,0
"IK_DFMLULIEUUXXSA-UHFFFAOYSA-N",23.907007466847,FALSE,NA,1,FALSE,TRUE,FALSE,FALSE,TRUE,TRUE,3
"IK_TWEFFSVOCVXBPV-UHFFFAOYSA-N",23.8942751710188,FALSE,"up",1,FALSE,TRUE,FALSE,FALSE,FALSE,TRUE,2
"IK_VLJNHYLEOZPXFW-BYPYZUCNSA-N",23.8857869737999,FALSE,NA,1,FALSE,TRUE,FALSE,FALSE,TRUE,TRUE,3
"IK_ZSTCZWJCLIRCOJ-DGCLKSJQSA-N",23.8836649244952,FALSE,"up",1,TRUE,TRUE,FALSE,FALSE,FALSE,TRUE,2
"IK_MMCQRJPAMIHLQX-ZOWXZIJZSA-N",23.8645664807528,FALSE,NA,1,FALSE,TRUE,FALSE,FALSE,TRUE,TRUE,3
"IK_SGLDLWSTFXXDDD-LFSNXOCVSA-N",23.8645664807528,FALSE,NA,1,FALSE,TRUE,TRUE,FALSE,FALSE,TRUE,3
"IK_XNGIFLGASWRNHJ-UHFFFAOYSA-N",23.8539562342293,FALSE,NA,1,FALSE,TRUE,FALSE,FALSE,TRUE,TRUE,3
"IK_GECFTYLLVUKXOY-UHFFFAOYSA-N",23.8327357411822,FALSE,NA,1,FALSE,TRUE,FALSE,TRUE,FALSE,TRUE,3
"IK_CBVKLEOGWBFWFG-AXDSSHIGSA-N",23.8306136918775,FALSE,"up",1,FALSE,TRUE,FALSE,FALSE,FALSE,TRUE,2
"IK_LQQFFJFGLSKYIR-UHFFFAOYSA-M",23.8242109569064,FALSE,"down",1,FALSE,TRUE,FALSE,FALSE,FALSE,TRUE,2
"IK_URKOMYMAXPYINW-UHFFFAOYSA-N",23.8221254946587,FALSE,NA,1,FALSE,TRUE,FALSE,FALSE,TRUE,TRUE,3
"IK_PKXWXXPNHIWQHW-RCBQFDQVSA-N",23.820003445354,FALSE,"up",1,FALSE,TRUE,FALSE,FALSE,FALSE,TRUE,2
"IK_RYIGNEOBDRVTHA-UHFFFAOYSA-N",23.807919212107,FALSE,"down",1,FALSE,TRUE,FALSE,FALSE,TRUE,TRUE,3
"IK_ASCFNMCAHFUBCO-UHFFFAOYSA-N",23.8009050016116,FALSE,NA,1,FALSE,TRUE,FALSE,FALSE,TRUE,TRUE,3
"IK_OVRNDRQMDRJTHS-JAJWTYFOSA-N",23.7881727057833,FALSE,"down",1,FALSE,TRUE,FALSE,FALSE,FALSE,TRUE,2
"IK_BISIFJGUTDFVFR-UHFFFAOYSA-N",23.7796845085645,FALSE,NA,1,FALSE,TRUE,FALSE,TRUE,FALSE,TRUE,3
"IK_SENJXOPIZNYLHU-IUCAKERBSA-N",23.7775624592598,FALSE,"down",1,FALSE,TRUE,FALSE,FALSE,FALSE,TRUE,2
"IK_VDYDCVUWILIYQF-CSMHCCOUSA-N",23.769074262041,FALSE,NA,1,FALSE,TRUE,FALSE,FALSE,TRUE,TRUE,3
"IK_DEKASDKLVVYODQ-UKHRKFAVSA-N",23.7563419662127,FALSE,"up",1,FALSE,TRUE,FALSE,FALSE,FALSE,TRUE,2
"IK_DYSDOYRQWBDGQQ-XLPZGREQSA-N",23.7478537689939,FALSE,NA,1,FALSE,TRUE,FALSE,FALSE,TRUE,TRUE,3
"IK_FQYQMFCIJNWDQZ-CYDGBPFRSA-N",23.7457317196892,FALSE,"down",1,FALSE,TRUE,FALSE,FALSE,FALSE,TRUE,2
"IK_OAORYCZPERQARS-VIFPVBQESA-N",23.7351214731656,FALSE,"down",1,FALSE,TRUE,FALSE,FALSE,FALSE,TRUE,2
"IK_NZNMSOFKMUBTKW-UHFFFAOYSA-N",23.7160230294232,FALSE,NA,1,FALSE,TRUE,FALSE,FALSE,TRUE,TRUE,3
"IK_XVIHASZHSRQYCV-YWYYGOADSA-N",23.6735820433291,FALSE,NA,1,FALSE,TRUE,TRUE,FALSE,FALSE,TRUE,3
"IK_RKQUHHNIJVGMIG-UHFFFAOYSA-N",23.6714599940244,FALSE,"down",1,FALSE,TRUE,FALSE,FALSE,FALSE,TRUE,2
"IK_WVTMNZAPPOMZST-JZCVQVRRSA-N",23.6608497475008,FALSE,"down",1,FALSE,TRUE,FALSE,FALSE,FALSE,TRUE,2
"IK_DYQXERDJEYZBKH-KVQBGUIXSA-N",23.6502395009773,FALSE,"down",1,FALSE,TRUE,FALSE,FALSE,FALSE,TRUE,2
"UNKNOWN_ROW__24167579__unknown_110",23.6492882374959,FALSE,"up",1,FALSE,FALSE,FALSE,FALSE,FALSE,FALSE,0
"UNKNOWN_ROW__24167579__unknown_142",23.6492882374959,FALSE,"up",1,FALSE,FALSE,FALSE,FALSE,FALSE,FALSE,0
"IK_SZJNCZMRZAUNQT-IUCAKERBSA-N",23.6214668619042,FALSE,"up",1,FALSE,TRUE,FALSE,FALSE,FALSE,TRUE,2
"IK_FLKRMXAWABTWSH-UHFFFAOYSA-N",23.6099205641878,FALSE,NA,1,FALSE,TRUE,TRUE,FALSE,FALSE,TRUE,3
"IK_MJZYBROJFJAPOE-UHFFFAOYSA-N",23.6077985148831,FALSE,"up",1,FALSE,TRUE,FALSE,FALSE,FALSE,TRUE,2
"IK_DGXRZJSPDXZJFG-UHFFFAOYSA-N",23.5993103176643,FALSE,NA,1,FALSE,TRUE,FALSE,FALSE,TRUE,TRUE,3
"IK_FBJYDOQUXQMQSS-TXUJEBAWSA-N",23.5993103176643,FALSE,NA,1,FALSE,TRUE,FALSE,FALSE,TRUE,TRUE,3
"IK_JAQGKXUEKGKTKX-HOTGVXAUSA-N",23.5993103176643,FALSE,NA,1,FALSE,TRUE,TRUE,FALSE,FALSE,TRUE,3
"IK_LMKGFPWGPGBBHF-FVQFVYKESA-N",23.5993103176643,FALSE,NA,1,FALSE,TRUE,TRUE,FALSE,FALSE,TRUE,3
"IK_UGJAEDFOKNAMQD-QXPKXGMISA-N",23.5993103176643,FALSE,NA,1,FALSE,TRUE,FALSE,FALSE,TRUE,TRUE,3
"IK_UUUGVWGQJIFFRM-FUHDGFEASA-N",23.5993103176643,FALSE,NA,1,FALSE,TRUE,FALSE,FALSE,TRUE,TRUE,3
"IK_ZCSFFBZXCQGHRG-UHFFFAOYSA-N",23.5993103176643,FALSE,NA,1,FALSE,TRUE,TRUE,FALSE,FALSE,TRUE,3
"IK_WAAPEIZFCHNLKK-PELKAZGASA-N",23.586578021836,FALSE,"up",1,FALSE,TRUE,FALSE,FALSE,FALSE,TRUE,2
"IK_IQZZFVDIZRWADY-UHFFFAOYSA-N",23.5335267892183,FALSE,"up",1,FALSE,TRUE,FALSE,FALSE,FALSE,TRUE,2
"IK_PQKFUDVFSOEHDQ-KBBGFLFPSA-N",23.5335267892183,FALSE,"down",1,FALSE,TRUE,FALSE,FALSE,FALSE,TRUE,2
"IK_RGJSGXNKRWWCOQ-QMEIEYGNSA-N",23.5229165426948,FALSE,"up",1,FALSE,TRUE,FALSE,FALSE,FALSE,TRUE,2
"IK_GFRUPHOKLBPHTQ-UHFFFAOYSA-N",23.5148815987255,FALSE,"up",1,FALSE,TRUE,FALSE,FALSE,FALSE,TRUE,2
"IK_TYMABNNERDVXID-DLYFRVTGSA-N",23.4910858031241,FALSE,"up",1,FALSE,TRUE,FALSE,FALSE,FALSE,TRUE,2
"IK_VOOYTQRREPYRIW-UHFFFAOYSA-N",23.4592550635535,FALSE,"down",1,FALSE,TRUE,FALSE,FALSE,FALSE,TRUE,2
"IK_MNBHSIWWHUIFNM-UHFFFAOYSA-N",23.44864481703,FALSE,"down",1,FALSE,TRUE,FALSE,FALSE,FALSE,TRUE,2
"IK_LOWWYYZBZNSPDT-ZBEGNZNMSA-N",23.4401566198111,FALSE,"up",1,TRUE,TRUE,FALSE,TRUE,FALSE,TRUE,3
"IK_GSLDEZOOOSBFGP-UHFFFAOYSA-N",23.4274243239829,FALSE,"up",1,FALSE,TRUE,FALSE,FALSE,FALSE,TRUE,2
"IK_MDSUKZSLOATHMH-UHFFFAOYSA-N",23.4062038309358,FALSE,"up",1,FALSE,TRUE,FALSE,FALSE,FALSE,TRUE,2
"UNKNOWN_ROW__24167579__unknown_113",23.3993986383379,FALSE,"up",1,FALSE,FALSE,FALSE,FALSE,FALSE,FALSE,0
"IK_UTNVEWHQVLDCMX-UHFFFAOYSA-N",23.3849833378887,FALSE,"down",1,FALSE,TRUE,FALSE,FALSE,FALSE,TRUE,2
"IK_HXHZGHRLVRFQDR-HZJYTTRNSA-N",23.3743730913652,FALSE,"down",1,FALSE,TRUE,FALSE,FALSE,FALSE,TRUE,2
"IK_HCRKCZRJWPKOAR-JTQLQIEISA-N",23.3658848941463,FALSE,"up",1,TRUE,TRUE,FALSE,FALSE,TRUE,TRUE,3
"IK_JEISZCQAXYJJOO-FQEVSTJZSA-N",23.3531525983181,FALSE,"down",1,FALSE,TRUE,FALSE,FALSE,FALSE,TRUE,2
"IK_VBOQYPQEPHKASR-UHFFFAOYSA-N",23.3425423517945,FALSE,"down",1,FALSE,TRUE,FALSE,FALSE,FALSE,TRUE,2
"IK_UEWPEVNSKXXUGP-UHFFFAOYSA-N",23.331932105271,FALSE,"up",1,FALSE,TRUE,FALSE,FALSE,FALSE,TRUE,2
"NO_INCHIKEY__possible bile salt",23.274453838759,FALSE,"up",1,FALSE,FALSE,FALSE,FALSE,FALSE,FALSE,0
"IK_KAOLEMQCYWHOJQ-UQACNIHJSA-N",23.2576603796062,FALSE,"up",1,FALSE,TRUE,FALSE,FALSE,FALSE,TRUE,2
"IK_NNAIYOXJNVGUOM-UHFFFAOYSA-N",23.2046091469885,FALSE,"up",1,FALSE,TRUE,FALSE,FALSE,FALSE,TRUE,2
"IK_OTAJGWQCQIEFEV-UHFFFAOYSA-N",23.1994869590116,FALSE,"up",1,FALSE,TRUE,FALSE,FALSE,FALSE,TRUE,2
"IK_AHANXAKGNAKFSK-PDBXOOCHSA-N",23.1939989004649,FALSE,"down",1,FALSE,TRUE,FALSE,FALSE,FALSE,TRUE,2
"IK_VPAOSFFTKWUGAD-TVKJYDDYSA-N",23.1727784074178,FALSE,"down",1,FALSE,TRUE,FALSE,FALSE,FALSE,TRUE,2
"IK_UPWPIFMHSFSVLE-UHFFFAOYSA-N",23.1621681608943,FALSE,"up",1,FALSE,TRUE,FALSE,FALSE,FALSE,TRUE,2
"UNKNOWN_ROW__24167579__unknown_169",23.14950903918,FALSE,"up",1,FALSE,FALSE,FALSE,FALSE,FALSE,FALSE,0
"IK_UPABQMWFWCMOFV-UHFFFAOYSA-N",23.1409476678472,FALSE,"up",1,FALSE,TRUE,FALSE,FALSE,FALSE,TRUE,2
"IK_JWYOAMOZLZXDER-UHNVWZDZSA-N",23.1197271748001,FALSE,"down",1,FALSE,TRUE,FALSE,FALSE,FALSE,TRUE,2
"IK_DDCYKEYDTGCKAS-SKSHMZPZSA-N",23.1091169282766,FALSE,"up",1,FALSE,TRUE,FALSE,FALSE,FALSE,TRUE,2
"IK_MSYKRHVOOPPJKU-BDAKNGLRSA-N",23.1006287310577,FALSE,"up",1,TRUE,TRUE,FALSE,TRUE,FALSE,TRUE,3
"IK_SYRVWXFZYGDVTF-UHFFFAOYSA-N",23.098506681753,FALSE,"down",1,FALSE,TRUE,FALSE,FALSE,FALSE,TRUE,2
"IK_BUHZTPLXMFRPCK-CKCUUXPSSA-N",23.0666759421824,FALSE,"up",1,FALSE,TRUE,FALSE,FALSE,FALSE,TRUE,2
"IK_VLDVBZICYBVQHB-IUCAKERBSA-N",23.0560656956589,FALSE,"up",1,FALSE,TRUE,FALSE,FALSE,FALSE,TRUE,2
"IK_UADPGHINQMWEAG-FROQITRMSA-N",23.0348452026118,FALSE,"down",1,FALSE,TRUE,FALSE,FALSE,FALSE,TRUE,2
"IK_ZUXGPPMNMKSOEO-LFYBBSHMSA-N",23.0348452026118,FALSE,"up",1,FALSE,TRUE,FALSE,FALSE,FALSE,TRUE,2
"IK_HSUNTEFOMSKZCT-UHFFFAOYSA-N",23.0242349560882,FALSE,"up",1,FALSE,TRUE,FALSE,FALSE,FALSE,TRUE,2
"IK_HNGIZKAMDMBRKJ-LBPRGKRZSA-N",22.9817939699941,FALSE,"down",1,FALSE,TRUE,FALSE,FALSE,FALSE,TRUE,2
"IK_NITMRIAAAKECLS-IZZDOVSWSA-N",22.9499632304234,FALSE,"down",1,FALSE,TRUE,FALSE,FALSE,FALSE,TRUE,2
"IK_DYENWMUXSKPFLC-UHFFFAOYSA-N",22.9393529838999,FALSE,"down",1,FALSE,TRUE,FALSE,FALSE,FALSE,TRUE,2
"IK_PETDNGRBYPTDNI-QSNWBFGMSA-N",22.9287427373763,FALSE,"up",1,FALSE,TRUE,FALSE,FALSE,FALSE,TRUE,2
"NO_INCHIKEY__10 carbon fatty aldehyde",22.9246083999379,FALSE,"down",1,FALSE,TRUE,FALSE,FALSE,FALSE,FALSE,1
"UNKNOWN_ROW__24167579__unknown_185",22.8996194400221,FALSE,"down",1,FALSE,FALSE,FALSE,FALSE,FALSE,FALSE,0
"IK_NPQJTPHMCZYCNP-UHFFFAOYSA-N",22.8756915047586,FALSE,"down",1,FALSE,TRUE,FALSE,FALSE,FALSE,TRUE,2
"IK_DEAFEFSHUVGNFC-UHFFFAOYSA-N",22.8544710117116,FALSE,"down",1,FALSE,TRUE,FALSE,FALSE,FALSE,TRUE,2
"IK_NCBOXCFFSWALMZ-XTNBEGJDSA-N",22.8544710117116,FALSE,"down",1,FALSE,TRUE,FALSE,FALSE,FALSE,TRUE,2
"IK_SGQOVJBGRJMVJR-UHFFFAOYSA-N",22.8332505186645,FALSE,"down",1,FALSE,TRUE,FALSE,FALSE,FALSE,TRUE,2
"IK_JHFAKPWBUSBCCY-UHFFFAOYSA-N",22.8246525602747,FALSE,"up",1,FALSE,TRUE,FALSE,FALSE,FALSE,TRUE,2
"IK_GWENQMVPLJAMAE-UHFFFAOYSA-N",22.8120300256174,FALSE,"down",1,FALSE,TRUE,FALSE,FALSE,FALSE,TRUE,2
"IK_BFZDKPVWJYFECC-OFCLATOASA-N",22.8091174782958,FALSE,"up",1,FALSE,TRUE,FALSE,FALSE,FALSE,TRUE,2
"IK_YYVUMXYSCXRWIL-UHFFFAOYSA-N",22.8014197790938,FALSE,"down",1,FALSE,TRUE,FALSE,FALSE,FALSE,TRUE,2
"IK_DDBREPKUVSBGFI-UHFFFAOYSA-N",22.7950536311797,FALSE,"down",1,TRUE,TRUE,FALSE,TRUE,TRUE,TRUE,4
"NO_INCHIKEY__lpc 16 0 1",22.7719519510307,FALSE,"up",1,FALSE,FALSE,FALSE,FALSE,FALSE,FALSE,0
"IK_BQJRUJTZSGYBEZ-YVQNUNKESA-N",22.7377582999526,FALSE,"up",1,FALSE,TRUE,FALSE,FALSE,FALSE,TRUE,2
"IK_WJSAFQZKYVRPGM-PABFRNLHSA-N",22.6528763277642,FALSE,"down",1,FALSE,TRUE,FALSE,FALSE,FALSE,TRUE,2
"IK_YNXICDMQCQPQEW-UHFFFAOYSA-N",22.6316558347171,FALSE,"down",1,FALSE,TRUE,FALSE,FALSE,FALSE,TRUE,2
"IK_OGQICQVSFDPSEI-UHFFFAOYSA-N",22.6231676374983,FALSE,"up",1,TRUE,TRUE,FALSE,FALSE,TRUE,TRUE,3
"IK_HASACTZYOHWROP-UHFFFAOYSA-N",22.6210455881936,FALSE,"down",1,FALSE,TRUE,FALSE,FALSE,FALSE,TRUE,2
"NO_INCHIKEY__lpc 16 1 1",22.6206367255931,FALSE,"up",1,FALSE,FALSE,FALSE,FALSE,FALSE,FALSE,0
"IK_PVKSNHVPLWYQGJ-CPTYKQRNSA-N",22.6104353416701,FALSE,"down",1,FALSE,TRUE,FALSE,FALSE,FALSE,TRUE,2
"IK_OTKJDMGTUTTYMP-QZTJIDSGSA-N",22.589214848623,FALSE,"up",1,FALSE,TRUE,FALSE,FALSE,FALSE,TRUE,2
"IK_PWKSKIMOESPYIA-BYPYZUCNSA-N",22.5775435774471,FALSE,"up",1,TRUE,TRUE,FALSE,TRUE,TRUE,TRUE,4
"IK_OEBGQVIRXPDBGY-UHFFFAOYSA-N",22.5679943555759,FALSE,"down",1,FALSE,TRUE,FALSE,FALSE,FALSE,TRUE,2
"IK_SKBCVUCDJRKPAH-RTXFEEFZSA-N",22.5361636160053,FALSE,"down",1,FALSE,TRUE,FALSE,FALSE,FALSE,TRUE,2
"IK_BGJPRBZZLWCLJW-AWCRTANDSA-N",22.4937226299111,FALSE,"up",1,FALSE,TRUE,FALSE,FALSE,FALSE,TRUE,2
"IK_KRHHFPJGGBLAAH-MYBCZMNMSA-N",22.4831123833875,FALSE,"up",1,FALSE,TRUE,FALSE,FALSE,FALSE,TRUE,2
"IK_KXGVEGMKQFWNSR-WFTUMUMQSA-N",22.4512816438169,FALSE,"up",1,FALSE,TRUE,FALSE,FALSE,FALSE,TRUE,2
"IK_LGZSMXJRMTYABD-MDZDMXLPSA-N",22.4512816438169,FALSE,"down",1,FALSE,TRUE,FALSE,FALSE,FALSE,TRUE,2
"IK_HSQVHYANHDSFFI-UHFFFAOYSA-N",22.4406713972934,FALSE,"up",1,FALSE,TRUE,FALSE,FALSE,FALSE,TRUE,2
"IK_VFRROHXSMXFLSN-SLPGGIOYSA-N",22.4318692397119,FALSE,"up",1,FALSE,TRUE,FALSE,FALSE,FALSE,TRUE,2
"NO_INCHIKEY__11 carbon fatty acid",22.424829201622,FALSE,"up",1,FALSE,TRUE,FALSE,FALSE,FALSE,FALSE,1
"IK_COVZYZSDYWQREU-UHFFFAOYSA-N",22.4032367993647,FALSE,"down",1,TRUE,TRUE,FALSE,FALSE,TRUE,TRUE,3
"UNKNOWN_ROW__24167579__unknown_140",22.3998402417062,FALSE,"up",1,FALSE,FALSE,FALSE,FALSE,FALSE,FALSE,0
"UNKNOWN_ROW__24167579__unknown_95",22.3998402417062,FALSE,"up",1,FALSE,FALSE,FALSE,FALSE,FALSE,FALSE,0
"UNKNOWN_ROW__24167579__unknown_96",22.3998402417062,FALSE,"up",1,FALSE,FALSE,FALSE,FALSE,FALSE,FALSE,0
"IK_OYPPJMLKAYYWHH-NXJDUNGTSA-N",22.3982304111992,FALSE,"up",1,FALSE,TRUE,FALSE,FALSE,FALSE,TRUE,2
"IK_SNHRLVCMMWUAJD-SUYDQAKGSA-N",22.3876201646757,FALSE,"up",1,TRUE,TRUE,FALSE,FALSE,FALSE,TRUE,2
"IK_OKRJGUKZYSEUOY-UHFFFAOYSA-N",22.3770099181521,FALSE,"up",1,FALSE,TRUE,FALSE,FALSE,FALSE,TRUE,2
"IK_QPRBHGIRKWZUFJ-PPMYXAGCSA-N",22.355789425105,FALSE,"down",1,FALSE,TRUE,FALSE,FALSE,FALSE,TRUE,2
"IK_IQVQXVFMNOFTMU-FLIBITNWSA-N",22.3133484390109,FALSE,"up",1,FALSE,TRUE,FALSE,FALSE,FALSE,TRUE,2
"IK_CFTUMAOURLALGM-UHFFFAOYSA-N",22.2709074529167,FALSE,"down",1,FALSE,TRUE,FALSE,FALSE,FALSE,TRUE,2
"IK_VUWCGGOBVYCOMA-UHFFFAOYSA-N",22.2709074529167,FALSE,"up",1,FALSE,TRUE,FALSE,FALSE,FALSE,TRUE,2
"IK_WKMBZTIVAJAWBA-UHFFFAOYSA-N",22.2496869598696,FALSE,"up",1,FALSE,TRUE,FALSE,FALSE,FALSE,TRUE,2
"IK_UELBXEKQONEDKM-IRXDYDNUSA-N",22.2390767133461,FALSE,"down",1,FALSE,TRUE,FALSE,FALSE,FALSE,TRUE,2
"IK_AJSJFDUIZFXAQY-UHFFFAOYSA-N",22.1329742481106,FALSE,"up",1,FALSE,TRUE,FALSE,FALSE,FALSE,TRUE,2
"IK_MDDUIRLQCYVRDO-NHCYSSNCSA-N",22.1329742481106,FALSE,"up",1,FALSE,TRUE,FALSE,FALSE,FALSE,TRUE,2
"NO_INCHIKEY__pc ae c42 1",22.1270658664765,FALSE,"up",1,FALSE,FALSE,FALSE,FALSE,FALSE,FALSE,0
"IK_KQBKJSVYIBRYNQ-KKMFPEKASA-N",22.1223640015871,FALSE,"down",1,FALSE,TRUE,FALSE,FALSE,FALSE,TRUE,2
"IK_ALTAAUJNHYWOGS-UHFFFAOYSA-N",22.0799230154929,FALSE,"up",1,FALSE,TRUE,FALSE,FALSE,FALSE,TRUE,2
"IK_VMJGIIURAHPLEX-AVQMFFATSA-N",22.0693127689694,FALSE,"up",1,FALSE,TRUE,FALSE,FALSE,FALSE,TRUE,2
"IK_JPQGSGTYJWWXTH-UHFFFAOYSA-N",22.0587025224458,FALSE,"up",1,FALSE,TRUE,FALSE,FALSE,FALSE,TRUE,2
"IK_YJAJDSAILYGJQK-AATRIKPKSA-N",22.0480922759223,FALSE,"down",1,FALSE,TRUE,FALSE,FALSE,FALSE,TRUE,2
"IK_YYIXZLMPKIFFGQ-ONNNWOQGSA-N",22.0374820293987,FALSE,"down",1,FALSE,TRUE,FALSE,FALSE,FALSE,TRUE,2
"IK_SZQQHKQCCBDXCG-BAHYSTIISA-N",22.0162615363517,FALSE,"up",1,FALSE,TRUE,FALSE,FALSE,FALSE,TRUE,2
"IK_RKDOXCGYGLYOBV-BNFZFUHLSA-N",22.0056512898281,FALSE,"down",1,FALSE,TRUE,FALSE,FALSE,FALSE,TRUE,2
"IK_BAWAZBRKENFJED-LTKCOYKYSA-N",21.958540543325,FALSE,"down",1,FALSE,TRUE,FALSE,FALSE,FALSE,TRUE,2
"IK_CZKWVFPVOOTCDG-UHFFFAOYSA-N",21.8889385780691,FALSE,"down",1,FALSE,TRUE,FALSE,FALSE,FALSE,TRUE,2
"IK_SITLTJHOQZFJGG-XPUUQOCRSA-N",21.8571078384985,FALSE,"up",1,FALSE,TRUE,FALSE,FALSE,FALSE,TRUE,2
"IK_GKKWUSPPIQURFM-IGDGGSTLSA-N",21.846497591975,FALSE,NA,1,FALSE,TRUE,FALSE,FALSE,FALSE,TRUE,2
"IK_SXIILERIAIKHJG-UHFFFAOYSA-N",21.8252770989279,FALSE,NA,1,FALSE,TRUE,FALSE,FALSE,FALSE,TRUE,2
"NO_INCHIKEY__8 10 dihydroxydihydroergotamine",21.8001052037272,FALSE,"up",1,FALSE,TRUE,FALSE,FALSE,FALSE,FALSE,1
"IK_AFKRZUUZFWTBCC-WSTZPKSXSA-N",21.7934463593573,FALSE,"up",1,TRUE,TRUE,FALSE,FALSE,FALSE,TRUE,2
"IK_ODXVXZSLYPJSLI-AATRIKPKSA-N",21.7934463593573,FALSE,NA,1,FALSE,TRUE,FALSE,FALSE,FALSE,TRUE,2
"IK_IMOKOCYUKGZZAG-CSMHCCOUSA-N",21.7828361128337,FALSE,NA,1,FALSE,TRUE,FALSE,FALSE,FALSE,TRUE,2
"IK_FGIJQXGDQVNWKH-UHFFFAOYSA-N",21.7510053732631,FALSE,NA,1,FALSE,TRUE,FALSE,FALSE,FALSE,TRUE,2
"IK_FVEFRICMTUKAML-UHFFFAOYSA-M",21.7021982392548,FALSE,"down",1,TRUE,TRUE,FALSE,TRUE,TRUE,TRUE,4
"IK_HLAWVOWADPNAGN-BAHZUFOISA-N",21.6979541406454,FALSE,NA,1,FALSE,TRUE,FALSE,FALSE,FALSE,TRUE,2
"IK_CQZWLVDDIOZTJI-RYUDHWBXSA-N",21.6873438941218,FALSE,NA,1,FALSE,TRUE,FALSE,FALSE,FALSE,TRUE,2
"IK_NUZWLKWWNNJHPT-UHFFFAOYSA-N",21.678855696903,FALSE,"up",1,TRUE,TRUE,FALSE,FALSE,TRUE,TRUE,3
"IK_MSFSPUZXLOGKHJ-GLPGPYIRSA-N",21.6661234010747,FALSE,NA,1,FALSE,TRUE,FALSE,FALSE,FALSE,TRUE,2
"UNKNOWN_ROW__24167579__unknown_89",21.6501714442324,FALSE,"down",1,FALSE,FALSE,FALSE,FALSE,FALSE,FALSE,0
"UNKNOWN_ROW__24167579__unknown_90",21.6501714442324,FALSE,"down",1,FALSE,FALSE,FALSE,FALSE,FALSE,FALSE,0
"UNKNOWN_ROW__24167579__unknown_91",21.6501714442324,FALSE,"down",1,FALSE,FALSE,FALSE,FALSE,FALSE,FALSE,0
"IK_ZCDKJIRLFSPIQI-QPJJXVBHSA-N",21.6449029080277,FALSE,NA,1,FALSE,TRUE,FALSE,FALSE,FALSE,TRUE,2
"IK_DMAOYRIREVHKFQ-UHFFFAOYSA-N",21.613072168457,FALSE,NA,1,FALSE,TRUE,FALSE,FALSE,FALSE,TRUE,2
"IK_YLJOVCWVJCDPLN-UHFFFAOYSA-N",21.613072168457,FALSE,NA,1,FALSE,TRUE,FALSE,FALSE,FALSE,TRUE,2
"IK_WDZVGELJXXEGPV-YIXHJXPBSA-N",21.5589496099767,FALSE,"down",1,TRUE,TRUE,FALSE,FALSE,TRUE,TRUE,3
"IK_BHATUINFZWUDIX-UHFFFAOYSA-N",21.4963594566981,FALSE,NA,1,FALSE,TRUE,FALSE,FALSE,FALSE,TRUE,2
"IK_JNTMAZFVYNDPLB-PEDHHIEDSA-N",21.4645287171274,FALSE,NA,1,FALSE,TRUE,FALSE,FALSE,FALSE,TRUE,2
"IK_XYWRZQQANNOTTD-UHFFFAOYSA-N",21.4433082240803,FALSE,NA,1,FALSE,TRUE,FALSE,FALSE,FALSE,TRUE,2
"IK_ZXEUFAVXODIPHC-GUBZILKMSA-N",21.4114774845097,FALSE,NA,1,FALSE,TRUE,FALSE,FALSE,FALSE,TRUE,2
"IK_YBGBNHHXOJXFNM-UQCMLMITSA-N",21.3159852657978,FALSE,NA,1,FALSE,TRUE,FALSE,FALSE,FALSE,TRUE,2
"IK_MVYUVUOSXNYQLL-UHFFFAOYSA-N",21.3053750192743,FALSE,NA,1,FALSE,TRUE,FALSE,FALSE,FALSE,TRUE,2
"IK_IULKWYSYZSURJK-AVGNSLFASA-N",21.2947647727507,FALSE,NA,1,FALSE,TRUE,FALSE,FALSE,FALSE,TRUE,2
"IK_CHQZBIVWDKADIA-GDWUOILNSA-N",21.2735442797037,FALSE,NA,1,FALSE,TRUE,FALSE,FALSE,FALSE,TRUE,2
"IK_GCIVSXAHMONYLO-HMAFJQTKSA-N",21.2523237866566,FALSE,NA,1,FALSE,TRUE,FALSE,FALSE,FALSE,TRUE,2
"IK_BSVHAXJKBCWVDA-UHFFFAOYSA-N",21.241713540133,FALSE,NA,1,FALSE,TRUE,FALSE,FALSE,FALSE,TRUE,2
"IK_WWEKVOUOQUHVHS-UHFFFAOYSA-N",21.2257981703477,FALSE,"down",1,TRUE,TRUE,FALSE,FALSE,FALSE,TRUE,2
"IK_WQGWDDDVZFFDIG-UHFFFAOYSA-N",21.2098828005624,FALSE,NA,1,FALSE,TRUE,FALSE,FALSE,FALSE,TRUE,2
"IK_LOYWOYCPSWPKFH-DSNGMDLFSA-N",21.1992725540388,FALSE,NA,1,FALSE,TRUE,FALSE,FALSE,FALSE,TRUE,2
"IK_YVYMBNSKXOXSKW-UHFFFAOYSA-N",21.1568315679447,FALSE,NA,1,FALSE,TRUE,FALSE,FALSE,FALSE,TRUE,2
"IK_UVTLONZTPXCUPU-ZNMIVQPWSA-N",21.1462213214211,FALSE,NA,1,FALSE,TRUE,FALSE,FALSE,FALSE,TRUE,2
"IK_BPSLZWSRHTULGU-ZCFIWIBFSA-N",21.125000828374,FALSE,NA,1,FALSE,TRUE,FALSE,FALSE,FALSE,TRUE,2
"IK_JGUNZIWGNMQSBM-UINYOVNOSA-M",21.125000828374,FALSE,NA,1,FALSE,TRUE,FALSE,FALSE,FALSE,TRUE,2
"IK_ONPDTSFZAIWMDI-AVGNSLFASA-N",21.1143905818505,FALSE,NA,1,FALSE,TRUE,FALSE,FALSE,FALSE,TRUE,2
"IK_RSEPBGGWRJCQGY-RBRWEJTLSA-N",21.1059023846317,FALSE,"up",1,TRUE,TRUE,FALSE,FALSE,TRUE,TRUE,3
"IK_VJNPDLZENXBRLB-MQEDXBOASA-N",21.1039884487476,FALSE,"down",1,FALSE,TRUE,FALSE,FALSE,FALSE,TRUE,2
"IK_TYLFLHPQWQQWRD-UHNVWZDZSA-N",21.0825598422799,FALSE,NA,1,FALSE,TRUE,FALSE,FALSE,FALSE,TRUE,2
"UNKNOWN_ROW__24167579__unknown_118",21.0254474463376,FALSE,"up",1,FALSE,FALSE,FALSE,FALSE,FALSE,FALSE,0
"UNKNOWN_ROW__24167579__unknown_119",21.0254474463376,FALSE,"up",1,FALSE,FALSE,FALSE,FALSE,FALSE,FALSE,0
"UNKNOWN_ROW__24167579__unknown_141",21.0254474463376,FALSE,"up",1,FALSE,FALSE,FALSE,FALSE,FALSE,FALSE,0
"UNKNOWN_ROW__24167579__unknown_84",21.0254474463376,FALSE,"up",1,FALSE,FALSE,FALSE,FALSE,FALSE,FALSE,0
"IK_YVPPHAUZYVAQNM-UHFFFAOYSA-N",21.0082881166151,FALSE,NA,1,FALSE,TRUE,FALSE,FALSE,FALSE,TRUE,2
"IK_GAGWJHPBXLXJQN-UORFTKCHSA-N",20.975469526506,FALSE,"up",1,TRUE,TRUE,FALSE,FALSE,TRUE,TRUE,3
"IK_KVCPIDDKLUDCQJ-UHFFFAOYSA-N",20.9446266374738,FALSE,NA,1,FALSE,TRUE,FALSE,FALSE,FALSE,TRUE,2
"IK_XJZGNVBLVFOSKJ-XZULNKEGSA-N",20.8915754048561,FALSE,NA,1,FALSE,TRUE,FALSE,FALSE,FALSE,TRUE,2
"IK_JNWLVTSZGQYXIA-AATRIKPKSA-N",20.8491344187619,FALSE,NA,1,FALSE,TRUE,FALSE,FALSE,FALSE,TRUE,2
"IK_XAUDJQYHKZQPEU-KVQBGUIXSA-N",20.8279139257148,FALSE,NA,1,FALSE,TRUE,FALSE,FALSE,FALSE,TRUE,2
"IK_UJHKVYPPCJBOSG-UHFFFAOYSA-N",20.8255357670113,FALSE,"up",1,TRUE,TRUE,FALSE,FALSE,FALSE,TRUE,2
"IK_BCQTVJKBTWGHCX-UHFFFAOYSA-N",20.7982052354489,FALSE,"up",1,TRUE,TRUE,FALSE,FALSE,TRUE,TRUE,3
"IK_HXBKNURIXGGFCX-VIFPVBQESA-N",20.7960831861442,FALSE,NA,1,FALSE,TRUE,FALSE,FALSE,FALSE,TRUE,2
"IK_OFRYBPCSEMMZHR-UHFFFAOYSA-N",20.7907780628824,FALSE,"up",1,TRUE,TRUE,FALSE,FALSE,FALSE,TRUE,2
"IK_MMFKFJORZBJVNF-UHFFFAOYSA-N",20.7854729396207,FALSE,NA,1,FALSE,TRUE,FALSE,FALSE,FALSE,TRUE,2
"IK_CQLRIUYMQWJYSR-UHFFFAOYSA-N",20.7642524465736,FALSE,NA,1,FALSE,TRUE,FALSE,FALSE,FALSE,TRUE,2
"IK_MZSJQKKCFOSWBW-VJIACCKLSA-N",20.7430319535265,FALSE,NA,1,FALSE,TRUE,FALSE,FALSE,FALSE,TRUE,2
"IK_BQYSFFVQHVEQKA-WWNHDLEVSA-N",20.732421707003,FALSE,NA,1,FALSE,TRUE,FALSE,FALSE,FALSE,TRUE,2
"IK_LUMKNAVTFCDUIE-VHXPQNKSSA-N",20.7218114604794,FALSE,NA,1,FALSE,TRUE,FALSE,FALSE,FALSE,TRUE,2
"IK_WSPOMRSOLSGNFJ-AUWJEWJLSA-N",20.7146624205888,FALSE,"down",1,TRUE,TRUE,FALSE,FALSE,TRUE,TRUE,3
"IK_BCCRXDTUTZHDEU-VKHMYHEASA-N",20.7005909674323,FALSE,NA,1,FALSE,TRUE,FALSE,FALSE,FALSE,TRUE,2
"IK_HGJUPYQMZUBYSJ-UHFFFAOYSA-N",20.7005909674323,FALSE,NA,1,FALSE,TRUE,FALSE,FALSE,FALSE,TRUE,2
"IK_ICFXZZFWRWNZMA-UHFFFAOYSA-N",20.7005909674323,FALSE,NA,1,FALSE,TRUE,FALSE,FALSE,FALSE,TRUE,2
"IK_NPNUFJAVOOONJE-FLFDDASRSA-N",20.7005909674323,FALSE,NA,1,FALSE,TRUE,FALSE,FALSE,FALSE,TRUE,2
"IK_SRMRDCIUBMNQNC-MUUNZHRXSA-O",20.7005909674323,FALSE,NA,1,FALSE,TRUE,FALSE,FALSE,FALSE,TRUE,2
"NO_INCHIKEY__flower extract",20.6756020075165,FALSE,"down",1,FALSE,TRUE,FALSE,FALSE,FALSE,FALSE,1
"UNKNOWN_ROW__24167579__unknown_195",20.6506130476007,FALSE,"down",1,FALSE,FALSE,FALSE,FALSE,FALSE,FALSE,0
"IK_DPSCUTCAFODJSS-UIITUPLWSA-N",20.6422346115528,FALSE,"up",1,TRUE,TRUE,FALSE,FALSE,FALSE,TRUE,2
"IK_OZOMQRBLCMDCEG-VIZOYTHASA-N",20.3631851279837,FALSE,"up",1,TRUE,TRUE,FALSE,FALSE,TRUE,TRUE,3
"IK_CWWWTTYMUOYSQA-LLVKDONJSA-N",20.1912991343023,FALSE,"up",1,TRUE,TRUE,FALSE,FALSE,FALSE,TRUE,2
"NO_INCHIKEY__14 carbon fatty acid",20.0508780096217,FALSE,"down",1,FALSE,TRUE,FALSE,FALSE,FALSE,FALSE,1
"IK_DIVLBIVDYADZPL-UHFFFAOYSA-N",20.0038922417645,FALSE,"down",1,TRUE,TRUE,FALSE,FALSE,FALSE,TRUE,2
"NO_INCHIKEY__tag 12 3 20 6 20 6",19.8579905694448,FALSE,NA,1,FALSE,FALSE,FALSE,FALSE,FALSE,FALSE,0
"NO_INCHIKEY__tag 14 3 14 3 14 3",19.8579905694448,FALSE,NA,1,FALSE,FALSE,FALSE,FALSE,FALSE,FALSE,0
"IK_UEJJHQNACJXSKW-UHFFFAOYSA-N",19.7796215691888,FALSE,"up",1,TRUE,TRUE,FALSE,FALSE,TRUE,TRUE,3
"IK_JPDVTYPPMALQJO-UZQDAVMLSA-N",19.7085329174811,FALSE,"down",1,TRUE,TRUE,FALSE,FALSE,FALSE,TRUE,2
"IK_OOBHFESNSZDWIU-UHFFFAOYSA-N",19.6098576248121,FALSE,"down",1,TRUE,TRUE,FALSE,FALSE,TRUE,TRUE,3
"IK_CAAKRPRWCVWYAO-UHFFFAOYSA-N",19.5599894661515,FALSE,"down",1,TRUE,TRUE,FALSE,FALSE,FALSE,TRUE,2
"IK_IKXILDNPCZPPRV-RFMGOVQKSA-N",19.4400936804354,FALSE,"up",1,TRUE,TRUE,FALSE,FALSE,TRUE,TRUE,3
"IK_PLHJDBGFXBMTGZ-WEVVVXLNSA-N",19.3148927714576,FALSE,"up",1,TRUE,TRUE,FALSE,TRUE,TRUE,TRUE,4
"IK_IEDVJHCEMCRBQM-UHFFFAOYSA-N",19.1273836293847,FALSE,NA,1,TRUE,TRUE,FALSE,TRUE,TRUE,TRUE,4
"IK_XOFYZVNMUHMLCC-ZPOLXVRWSA-N",19.0899555451585,FALSE,"up",1,TRUE,TRUE,FALSE,FALSE,TRUE,TRUE,3
"IK_OIOFPHGTOUDKAJ-UHFFFAOYSA-N",19.0666130028067,FALSE,"up",1,TRUE,TRUE,FALSE,FALSE,FALSE,TRUE,2
"IK_AAOVKJBEBIDNHE-UHFFFAOYSA-N",18.9520223403524,FALSE,"down",1,TRUE,TRUE,FALSE,FALSE,TRUE,TRUE,3
"UNKNOWN_ROW__24167579__unknown_116",18.7764410539163,FALSE,"down",1,FALSE,FALSE,FALSE,FALSE,FALSE,FALSE,0
"NO_INCHIKEY__5 hydroxymethyl 4 methoxy 2 5h furanone",18.627348796732,FALSE,"up",1,FALSE,FALSE,FALSE,FALSE,FALSE,FALSE,0
"IK_YARKMNAWFIMDKV-UHFFFAOYSA-N",18.6124944515991,FALSE,"up",1,TRUE,TRUE,FALSE,FALSE,TRUE,TRUE,3
"IK_PORXCRSLPBANJT-UHFFFAOYSA-N",18.6050672790326,FALSE,"up",1,TRUE,TRUE,FALSE,FALSE,FALSE,TRUE,2
"IK_FLSLEGPOVLMJMN-YSSFQJQWSA-N",18.5382227259343,FALSE,"up",1,TRUE,TRUE,FALSE,FALSE,TRUE,TRUE,3
"IK_RMMXLENWKUUMAY-UHFFFAOYSA-N",18.474561246793,FALSE,"down",1,TRUE,TRUE,FALSE,FALSE,TRUE,TRUE,3
"IK_OLNTVTPDXPETLC-XPWALMASSA-N",18.4146007851139,FALSE,"down",1,TRUE,TRUE,FALSE,TRUE,FALSE,TRUE,3
"IK_NQOMZUZLRFQVLR-UHFFFAOYSA-N",18.339811115944,FALSE,"up",1,TRUE,TRUE,FALSE,FALSE,FALSE,TRUE,2
"IK_MCBZSKZRUIWKPM-ANMDKAQQSA-N",18.3079803763734,FALSE,"down",1,TRUE,TRUE,FALSE,FALSE,FALSE,TRUE,2
"NO_INCHIKEY__gln leu glu lys",18.2878209079787,FALSE,"down",1,FALSE,FALSE,FALSE,FALSE,FALSE,FALSE,0
"NO_INCHIKEY__tripeptide cys his trp",18.2766618556004,FALSE,"up",1,FALSE,FALSE,FALSE,FALSE,FALSE,FALSE,0
"IK_MFYSYFVPBJMHGN-ZPOLXVRWSA-N",18.2061220097474,FALSE,"up",1,TRUE,TRUE,TRUE,FALSE,TRUE,TRUE,4
"IK_NHTGHBARYWONDQ-JTQLQIEISA-N",18.1244231115161,FALSE,"down",1,TRUE,TRUE,FALSE,FALSE,TRUE,TRUE,3
"IK_KWGRBVOPPLSCSI-WCBMZHEXSA-N",18.103202618469,FALSE,"down",1,TRUE,TRUE,FALSE,FALSE,TRUE,TRUE,3
"NO_INCHIKEY__12 carbon fatty acid",17.8018716172004,FALSE,NA,1,FALSE,TRUE,FALSE,FALSE,FALSE,FALSE,1
"NO_INCHIKEY__13 carbon fatty acid",17.8018716172004,FALSE,NA,1,FALSE,TRUE,FALSE,FALSE,FALSE,FALSE,1
"NO_INCHIKEY__16 carbon fatty acid",17.8018716172004,FALSE,NA,1,FALSE,TRUE,FALSE,FALSE,FALSE,FALSE,1
"NO_INCHIKEY__tripeptide cys cys cys",17.8018716172004,FALSE,NA,1,FALSE,TRUE,FALSE,FALSE,FALSE,FALSE,1
"IK_GBNPCIWXLWZJGA-IGBSIYCFSA-N",17.6937303896512,FALSE,"down",1,FALSE,TRUE,FALSE,FALSE,FALSE,TRUE,2
"IK_XXEPPPIWZFICOJ-UHFFFAOYSA-N",17.6384738207378,FALSE,"up",1,TRUE,TRUE,FALSE,TRUE,TRUE,TRUE,4
"IK_XNKLLVCARDGLGL-JGVFFNPUSA-N",17.5833005388154,FALSE,"up",1,TRUE,TRUE,FALSE,FALSE,TRUE,TRUE,3
"IK_FPPVBAMKHUAIOP-OYQCQVHHSA-N",17.1514635053072,FALSE,"up",1,TRUE,TRUE,FALSE,FALSE,FALSE,TRUE,2
"IK_IBAQFPQHRJAVAV-ULAWRXDQSA-N",17.1079614945607,FALSE,"up",1,TRUE,TRUE,FALSE,TRUE,TRUE,TRUE,4
"NO_INCHIKEY__16 23 24 25 tetrahydroxydammar 13 17 en 3 one",16.7493351620649,FALSE,"down",1,FALSE,FALSE,FALSE,FALSE,FALSE,FALSE,0
"IK_METKIMKYRPQLGS-UHFFFAOYSA-N",16.7023573809055,FALSE,"up",1,TRUE,TRUE,FALSE,FALSE,FALSE,TRUE,2
"NO_INCHIKEY__mg 10 0 0 0 0 0",16.5901814642118,FALSE,"up",1,FALSE,FALSE,FALSE,FALSE,FALSE,FALSE,0
"IK_CYHWMBVXXDIZNZ-KRWDZBQOSA-N",16.5625948232506,FALSE,"up",1,TRUE,TRUE,FALSE,FALSE,FALSE,TRUE,2
"IK_LMJSLTNSBFUCMU-UHFFFAOYSA-N",16.3393422007598,FALSE,NA,1,TRUE,TRUE,FALSE,FALSE,TRUE,TRUE,3
"IK_WDLWHQDACQUCJR-PBFPGSCMSA-N",16.3312914490373,FALSE,"up",1,TRUE,TRUE,FALSE,FALSE,TRUE,TRUE,3
"IK_ULGZDMOVFRHVEP-RWJQBGPGSA-N",16.3100709559902,FALSE,"down",1,TRUE,TRUE,FALSE,FALSE,TRUE,TRUE,3
"IK_YFGHCGITMMYXAQ-UHFFFAOYSA-N",16.2577538657491,FALSE,NA,1,TRUE,TRUE,FALSE,FALSE,TRUE,TRUE,3
"IK_UMMADZJLZAPZAW-XOWPVRJPSA-N",16.127368691581,FALSE,"up",1,TRUE,TRUE,FALSE,FALSE,FALSE,TRUE,2
"IK_VTSFZGCXFALJSV-FYAZAUILSA-N",15.988601360103,FALSE,"up",1,FALSE,TRUE,FALSE,FALSE,FALSE,TRUE,2
"IK_PUQIRTNPJRFRCZ-UHFFFAOYSA-N",15.5938793156511,FALSE,"up",1,TRUE,TRUE,TRUE,FALSE,FALSE,TRUE,3
"NO_INCHIKEY__sm d15 0 2 0",15.3806133605279,FALSE,NA,1,FALSE,FALSE,FALSE,FALSE,FALSE,FALSE,0
"IK_DLJKPYFALUEJCK-IIELGFQLSA-N",15.3233180293008,FALSE,"down",1,TRUE,TRUE,FALSE,FALSE,TRUE,TRUE,3
"IK_XZBJVIQXJHGUBE-HZMVJJPJSA-N",15.2363140078077,FALSE,"up",1,TRUE,TRUE,FALSE,FALSE,FALSE,TRUE,2
"IK_RJMIEHBSYVWVIN-UHFFFAOYSA-N",15.2087273668465,FALSE,"up",1,TRUE,TRUE,FALSE,TRUE,TRUE,TRUE,4
"NO_INCHIKEY__tripeptide leu ile asn pro val gln pro",14.9031522669684,FALSE,NA,1,FALSE,FALSE,FALSE,FALSE,FALSE,FALSE,0
"IK_URDOHUPGIOGTKV-JTBFTWTJSA-M",14.8531743471369,FALSE,"down",1,TRUE,TRUE,FALSE,FALSE,TRUE,TRUE,3
"IK_ODAIHABQVKJNIY-PEDHHIEDSA-N",14.6760929913646,FALSE,"down",1,TRUE,TRUE,FALSE,FALSE,TRUE,TRUE,3
"IK_VQDBNKDJNJQRDG-UHFFFAOYSA-N",14.0394781999521,FALSE,"up",1,TRUE,TRUE,FALSE,FALSE,TRUE,TRUE,3
"IK_COUYJEVMBVSIHV-SFHVURJKSA-N",14.0161356576003,FALSE,"down",1,TRUE,TRUE,FALSE,FALSE,FALSE,TRUE,2
"IK_BXZVVICBKDXVGW-NKWVEPMBSA-N",13.7530015438164,FALSE,"up",1,TRUE,TRUE,FALSE,FALSE,TRUE,TRUE,3
"NO_INCHIKEY__pc ae c42 4",13.6014207187355,FALSE,"down",1,FALSE,FALSE,FALSE,FALSE,FALSE,FALSE,0
"IK_BMOVQUBVGICXQN-UHFFFAOYSA-N",13.0187724843872,FALSE,"up",1,TRUE,TRUE,FALSE,FALSE,FALSE,TRUE,2
"IK_VGZSUPCWNCWDAN-UHFFFAOYSA-N",12.9678433010742,FALSE,"down",1,TRUE,TRUE,FALSE,FALSE,TRUE,TRUE,3
"IK_UHWVSEOVJBQKBE-UHFFFAOYSA-N",12.9232802656753,FALSE,"up",1,TRUE,TRUE,FALSE,FALSE,FALSE,TRUE,2
"IK_IJVCSMSMFSCRME-UHFFFAOYSA-N",12.8829613288859,FALSE,"up",1,TRUE,TRUE,FALSE,FALSE,TRUE,TRUE,3
"IK_OROAFUQRIXKEMV-LDADJPATSA-N",12.787469110174,FALSE,"up",1,TRUE,TRUE,FALSE,FALSE,TRUE,TRUE,3
"IK_BUJAGSGYPOAWEI-UHFFFAOYSA-N",12.4797719609912,FALSE,"down",1,TRUE,TRUE,FALSE,FALSE,TRUE,TRUE,3
"IK_OSWPMRLSEDHDFF-UHFFFAOYSA-N",12.4691617144677,FALSE,"up",1,TRUE,TRUE,FALSE,FALSE,TRUE,TRUE,3
"IK_FYPMFJGVHOHGLL-UHFFFAOYSA-N",12.2463465374733,FALSE,"up",1,TRUE,TRUE,FALSE,FALSE,TRUE,TRUE,3
"IK_SKZKKFZAGNVIMN-UHFFFAOYSA-N",12.1031787186119,FALSE,"down",1,TRUE,TRUE,FALSE,FALSE,TRUE,TRUE,3
"IK_HBNPJJILLOYFJU-VMPREFPWSA-N",12.0659723465731,FALSE,"down",1,TRUE,TRUE,FALSE,FALSE,TRUE,TRUE,3
"IK_HDOVUKNUBWVHOX-QMMMGPOBSA-N",12.0320195576977,FALSE,"down",1,TRUE,TRUE,FALSE,FALSE,FALSE,TRUE,2
"IK_RMRJXGBAOAMLHD-IHFGGWKQSA-N",11.5036292808253,FALSE,"up",1,TRUE,TRUE,FALSE,FALSE,TRUE,TRUE,3
"IK_NDAUXUAQIAJITI-UHFFFAOYSA-N",11.4505780482076,FALSE,"up",1,TRUE,TRUE,FALSE,FALSE,TRUE,TRUE,3
"IK_ONJQDTZCDSESIW-UHFFFAOYSA-N",11.272325906612,FALSE,"up",1,TRUE,TRUE,FALSE,TRUE,TRUE,TRUE,4
"IK_AMTPYFGPPVFBBI-UHFFFAOYSA-N",11.2595936107838,FALSE,"up",1,TRUE,TRUE,FALSE,FALSE,TRUE,TRUE,3
"IK_QYIYFLOTGYLRGG-GPCCPHFNSA-N",10.9625067081246,FALSE,"up",1,TRUE,TRUE,FALSE,FALSE,TRUE,TRUE,3
"IK_CZKPOZZJODAYPZ-LROMGURASA-N",10.9603846588199,FALSE,"down",1,TRUE,TRUE,FALSE,FALSE,FALSE,TRUE,2
"IK_GSDSWSVVBLHKDQ-JTQLQIEISA-N",10.8245735033185,FALSE,"up",1,TRUE,TRUE,FALSE,FALSE,TRUE,TRUE,3
"IK_XWTYSIMOBUGWOL-UHFFFAOYSA-N",10.6887623478172,FALSE,"down",1,TRUE,TRUE,FALSE,TRUE,TRUE,TRUE,4
"IK_HEMJJKBWTPKOJG-UHFFFAOYSA-N",10.6760300519889,FALSE,"down",1,TRUE,TRUE,FALSE,FALSE,TRUE,TRUE,3
"IK_HHMMIZFWFLNZEU-UHFFFAOYSA-N",10.6155516468047,FALSE,NA,1,TRUE,TRUE,FALSE,FALSE,FALSE,TRUE,2
"IK_SZQIFWWUIBRPBZ-UHFFFAOYSA-N",10.5911480798006,FALSE,"up",1,TRUE,TRUE,FALSE,FALSE,TRUE,TRUE,3
"IK_UYWXWYBEHLAUEW-UHFFFAOYSA-N",10.4987874289947,FALSE,"down",1,TRUE,TRUE,FALSE,FALSE,FALSE,TRUE,2
"IK_GBXSMTUPTTWBMN-XIRDDKMYSA-N",10.4850456145652,FALSE,"up",1,TRUE,TRUE,FALSE,FALSE,TRUE,TRUE,3
"IK_LOMQONAZKMLAOB-UHFFFAOYSA-N",9.88026156272321,FALSE,"down",1,TRUE,TRUE,FALSE,TRUE,FALSE,TRUE,3
"IK_SVEBYYWCXTVYCR-LBPRGKRZSA-N",9.68927712529944,FALSE,"down",1,TRUE,TRUE,FALSE,TRUE,FALSE,TRUE,3
"IK_CHNXZKVNWQUJIB-CEGNMAFCSA-N",9.48768244135212,FALSE,"up",1,TRUE,TRUE,FALSE,FALSE,TRUE,TRUE,3
"IK_XUFIWSHGXVLULG-IDLVJFIQSA-N",9.24364677131064,FALSE,"up",1,TRUE,TRUE,FALSE,FALSE,TRUE,TRUE,3
"IK_JWHAUXFOSRPERK-UHFFFAOYSA-N",9.09510331998103,FALSE,"down",1,TRUE,TRUE,FALSE,FALSE,TRUE,TRUE,3
"IK_AGOYDEPGAOXOCK-KCBOHYOISA-N",8.81923691036892,FALSE,"up",1,TRUE,TRUE,FALSE,FALSE,TRUE,TRUE,3
"IK_IYMMESGOJVNCKV-JOYOIKCWSA-N",8.75557543122765,FALSE,"down",1,TRUE,TRUE,FALSE,TRUE,FALSE,TRUE,3
"IK_PXWLVJLKJGVOKE-UHFFFAOYSA-N",8.72374469165703,FALSE,"down",1,TRUE,TRUE,FALSE,FALSE,TRUE,TRUE,3
"IK_DRHKJLXJIQTDTD-OAHLLOKOSA-N",8.42665778899783,FALSE,"up",1,TRUE,TRUE,FALSE,FALSE,TRUE,TRUE,3
"IK_XQSPYNMVSIKCOC-NTSWFWBYSA-N",8.41604754247428,FALSE,"down",1,TRUE,TRUE,FALSE,FALSE,TRUE,TRUE,3
"IK_INWLQCZOYSRPNW-UHFFFAOYSA-N",8.15079137938571,FALSE,"down",1,TRUE,TRUE,FALSE,FALSE,TRUE,TRUE,3
"IK_NZUPCNDJBJXXRF-UHFFFAOYSA-O",7.39746387621415,FALSE,"up",1,TRUE,TRUE,FALSE,FALSE,TRUE,TRUE,3
"IK_OVCDSSHSILBFBN-UHFFFAOYSA-N",7.37624338316707,FALSE,"up",1,TRUE,TRUE,FALSE,FALSE,TRUE,TRUE,3
"IK_GXOMMGAFBINOJY-SLINCCQESA-M",7.23154157282013,FALSE,"down",1,TRUE,TRUE,FALSE,FALSE,TRUE,TRUE,3
"IK_JBIMVDZLSHOPLA-LSCVHKIXSA-N",6.85670717408324,FALSE,"down",1,TRUE,TRUE,FALSE,FALSE,TRUE,TRUE,3
"IK_AKUJBENLRBOFTD-RPRRAYFGSA-N",6.82451056394283,FALSE,"up",1,TRUE,TRUE,FALSE,FALSE,TRUE,TRUE,3
"IK_KORNTPPJEAJQIU-KJXAQDMKSA-N",6.71840809870741,FALSE,"up",1,TRUE,TRUE,FALSE,FALSE,TRUE,TRUE,3
"IK_ZTFGOPUOTATSAL-CFVDWFIMSA-N",6.36614791412578,FALSE,"down",1,TRUE,TRUE,FALSE,FALSE,FALSE,TRUE,2
"IK_WJAJPNHVVFWKKL-UHFFFAOYSA-N",6.24094700514797,FALSE,"down",1,TRUE,TRUE,FALSE,FALSE,TRUE,TRUE,3
"IK_CIKNYWFPGZCHDL-ZHFUJENKSA-N",5.5809896713836,FALSE,"up",1,TRUE,TRUE,FALSE,FALSE,FALSE,TRUE,2
"IK_WXURHACBFYSXBI-GQKYHHCASA-N",5.40273752978808,FALSE,"up",1,TRUE,TRUE,FALSE,FALSE,TRUE,TRUE,3
"IK_HPMRFMKYPGXPEP-UHFFFAOYSA-N",5.03137890146407,FALSE,"down",1,TRUE,TRUE,FALSE,FALSE,TRUE,TRUE,3
"IK_ASWVTGNCAZCNNR-UHFFFAOYSA-N",4.92527643622865,FALSE,"up",1,TRUE,TRUE,FALSE,FALSE,TRUE,TRUE,3
"IK_VKYKSIONXSXAKP-UHFFFAOYSA-N",4.86161495708738,FALSE,"down",1,TRUE,TRUE,FALSE,FALSE,TRUE,TRUE,3
"IK_YOSHYTLCDANDAN-UHFFFAOYSA-N",4.8403944640403,FALSE,"down",1,TRUE,TRUE,FALSE,FALSE,TRUE,TRUE,3
"IK_LZPZPHGJDAGEJZ-AKAIJSEGSA-N",4.81705192168851,FALSE,"up",1,TRUE,TRUE,FALSE,FALSE,FALSE,TRUE,2
"IK_MYEJFUXQJGHEQK-ALRJYLEOSA-N",4.14011819348646,FALSE,"down",1,TRUE,TRUE,FALSE,FALSE,TRUE,TRUE,3
"IK_ZZVUWRFHKOJYTH-UHFFFAOYSA-N",4.06584646782166,FALSE,"down",1,TRUE,TRUE,FALSE,FALSE,TRUE,TRUE,3
"IK_QKDHBVNJCZBTMR-UHFFFAOYSA-N",3.7772477623813,FALSE,"up",1,TRUE,TRUE,FALSE,FALSE,FALSE,TRUE,2
"IK_XZTYGFHCIAKPGJ-UHFFFAOYSA-N",3.65204685340349,FALSE,"down",1,TRUE,TRUE,FALSE,FALSE,TRUE,TRUE,3
"IK_DHSUYTOATWAVLW-WFVMDLQDSA-N",3.57777512773869,FALSE,"up",1,TRUE,TRUE,FALSE,FALSE,TRUE,TRUE,3
"IK_DWYRIWUZIJHQKQ-SANMLTNESA-N",3.21490469663352,FALSE,"up",1,TRUE,TRUE,FALSE,FALSE,FALSE,TRUE,2
"IK_GNQHFHGLDGEOOU-ZIJFCRNMSA-N",3.1109242807028,FALSE,"down",1,TRUE,TRUE,FALSE,TRUE,FALSE,TRUE,3
"IK_HWGBHCRJGXAGEU-UHFFFAOYSA-N",3.07909354113217,FALSE,"up",1,TRUE,TRUE,FALSE,FALSE,TRUE,TRUE,3
"IK_WGFOBBZOWHGYQH-MXHNKVEKSA-N",3.05787304808508,FALSE,"up",1,TRUE,TRUE,FALSE,FALSE,TRUE,TRUE,3
"IK_JJCQSGDBDPYCEO-XVZSLQNASA-N",2.97086902659203,FALSE,"up",1,TRUE,TRUE,FALSE,FALSE,FALSE,TRUE,2
"IK_MFOCDFTXLCYLKU-CMPLNLGQSA-N",2.75017589890233,FALSE,NA,1,TRUE,TRUE,FALSE,FALSE,TRUE,TRUE,3
"IK_JQXXHWHPUNPDRT-WLSIYKJHSA-N",2.69712466628462,FALSE,NA,1,TRUE,TRUE,FALSE,FALSE,TRUE,TRUE,3
"IK_UYNVMODNBIQBMV-UHFFFAOYSA-N",2.51675047538439,FALSE,NA,1,TRUE,TRUE,FALSE,FALSE,TRUE,TRUE,3
"IK_KTOLOIKYVCHRJW-XZMZPDFPSA-N",2.38730546779717,FALSE,"down",1,TRUE,TRUE,FALSE,FALSE,FALSE,TRUE,2
"IK_MVFGUOIZUNYYSO-UHFFFAOYSA-N",2.37881727057833,FALSE,NA,1,TRUE,TRUE,FALSE,FALSE,TRUE,TRUE,3
"IK_DBDTUXMDTSTPQZ-UHFFFAOYSA-N",2.32364398865591,FALSE,"up",1,TRUE,TRUE,FALSE,FALSE,FALSE,TRUE,2
"IK_BIDUPMYXGFNAEJ-APGVDKLISA-N",1.98623814920724,FALSE,NA,1,TRUE,TRUE,FALSE,FALSE,TRUE,TRUE,3
"IK_MCYHPZGUONZRGO-VKHMYHEASA-N",1.98411609990254,FALSE,"up",1,TRUE,TRUE,FALSE,FALSE,FALSE,TRUE,2
"IK_XOEUHCONYHZURQ-HNUBZJOYSA-N",0.509291833130062,FALSE,"up",1,TRUE,TRUE,FALSE,FALSE,FALSE,TRUE,2
"IK_ODKYYBOHSVLGNU-UHFFFAOYSA-N",0.169763944376686,FALSE,"up",1,TRUE,TRUE,FALSE,FALSE,FALSE,TRUE,2
"IK_CYZWCBZIBJLKCV-RMKNXTFCSA-N",0.0742717256648006,FALSE,NA,1,TRUE,TRUE,FALSE,FALSE,FALSE,TRUE,2
"IK_JTSDBFGMPLKDCD-XVFHVFLVSA-N",0,FALSE,NA,1,TRUE,TRUE,FALSE,FALSE,FALSE,TRUE,2
